213 2
-2553.3676562102 4046.4294682378
-2535.6477654499 4044.8888903079
-2479.1978398959 3981.1342656612
-2438.5045468807 3941.9980545839
-2448.7008011859 3985.1548360742
-1488.7991905212 2439.3940925598
-1499.5131355066 2473.7309767650
-1447.9803692910 2405.1461911971
-1446.2110293217 2418.8427558312
-1428.6363552778 2406.1108858157
-1414.3288960824 2398.7415937277
-1405.8460058310 2401.2165069580
-1396.6179688772 2402.4449250637
-1384.2623539460 2398.2723309444
-1370.1724394774 2391.0130354074
-1356.7734865042 2384.8625452091
-1345.8609133959 2383.0243587494
-1314.2634868622 2344.2633390427
-1325.5951076746 2382.0680797100
-1299.8591951422 2353.3307152825
-1286.5750491619 2346.8727866809
-1284.3836188316 2360.7050657272
-793.5975293318 2030.3322871526
-785.6482962767 2031.5147240957
-803.5909831524 2100.3981590271
-774.2069270876 2045.7344346576
-755.4470313632 2018.2448262754
-758.8587469525 2050.0362263785
-733.2596752955 2003.2885126446
-729.9527927585 2017.0708298683
-722.2695415435 2018.9390597136
-714.3906290117 2020.2976957611
-702.1306481050 2009.1520858848
-702.9154171114 2035.5143806209
-697.7542400360 2045.0892180204
-676.3925421983 2006.8329051137
-658.2163736738 1977.1938940574
-644.9133519615 1961.6309744971
-635.3182381597 1957.0932141666
-625.4474705663 1951.5780991521
-613.4502483952 1939.1966365999
-604.0468625724 1934.7949475050
-597.3280500621 1938.9893338084
-586.5841565594 1930.0541647019
-572.2706379035 1908.9647103579
-566.3895433148 1915.8071527878
-552.3673233887 1894.9155608813
-554.5882047439 1929.9473105645
-550.5335008105 1943.8453093171
-529.0636859442 1895.7534087332
-215.2155488729 890.0038259370
-214.0994116664 900.8123099804
-230.1019023765 985.3067723188
-224.9012825390 980.4199884335
-205.0225188335 910.1904332638
-201.0670534589 909.3453396450
-197.7797682796 911.5475841931
-192.9057675103 906.3802361488
-189.5470853363 908.2689001447
-185.3482642999 906.1267926143
-181.4812145063 905.5516230209
-178.4643232822 909.2837919792
-174.7068005800 909.3219494820
-171.7807510320 913.7847879354
-167.0050344297 908.3878057344
-147.4386416376 1663.7711673975
-141.2920909269 1672.5573880332
-134.7315579653 1677.0960927010
-128.8237356477 1690.6943321228
-119.2809363658 1655.4082957181
-112.9222638332 1662.7039175767
-105.6065124770 1655.9395591418
-99.8371274521 1674.1669078668
-93.2888956024 1681.0792776255
-86.1714242233 1678.0214177238
-79.5856185935 1685.6883764267
-73.7037199239 1711.1718654633
-15.3269058404 1540.6420230865
-8.9508544964 1541.1441127459
57.0385575294 1602.3562431335
63.0479925312 1586.6264343262
68.8848316926 1569.9316982565
76.0140573156 1583.0306349130
81.6134727102 1564.7199093285
88.1587711091 1565.9035306710
94.5602296255 1564.5450903819
100.8910815631 1562.2675316674
107.3582832302 1562.2485331127
113.8164207339 1562.1072939464
120.2764734626 1562.0060913703
126.6374129214 1560.6937533931
132.9489886761 1558.9300553004
139.8707312346 1564.1530299187
144.5257751668 1544.6873512424
153.1204036691 1567.1932979064
156.5563289487 1537.2163203298
158.5189085454 1495.6800229847
165.9759885321 1507.1604053179
173.2248501344 1515.9865184264
180.6866612874 1525.9938867469
214.7441838275 1752.3507530039
246.3271458482 1944.3788472996
298.3327327773 2280.3558693376
319.7105854750 2368.7928259373
332.3433463638 2389.0997654683
339.9327670534 2373.0259603924
348.1215568813 2361.9218130369
355.7313068493 2347.6032050880
347.8162079244 2234.3170449540
346.2553573282 2166.6622350090
357.5410949878 2180.7808448107
361.4139816700 2150.1037402031
367.5410625262 2133.9898353968
376.2510877389 2133.2772572835
385.4953264579 2135.5568078848
395.9777541459 2144.4395959377
405.8814592659 2149.8674154282
415.7532043755 2154.8966109753
429.2212464871 2177.9628900381
453.7783255180 2255.1902294159
464.8192031043 2263.4848935263
485.1786186919 2315.9323930740
496.2810383124 2323.0163840687
506.7098051310 2326.7376184464
519.1846355796 2339.5399868488
529.6160265803 2342.8339004517
539.7159203887 2344.5692658424
550.0746220350 2347.3477959633
560.0770160556 2348.5357105732
570.4999268055 2351.4163434505
579.1213810444 2346.8998134136
591.2567287683 2356.5374910831
590.3574867946 2314.7544250256
610.3508742083 2354.9164221400
636.3369590706 2416.5734516250
646.7631278616 2418.1453748183
678.4268082717 2497.8626813644
714.9518862367 2592.8160518408
731.9413505495 2615.1610821486
753.8123928449 2654.0417986758
761.1982754299 2641.5382759912
802.2254849925 2744.4787206072
812.2831364473 2740.0740265846
847.6841343301 2820.1037645340
862.3173545147 2829.8065374637
855.1793042570 2768.7616795301
897.7111394589 2868.0177239271
992.3021038373 3128.8298288981
1041.3992221539 3241.3216187404
1086.6237603701 3339.0510449043
1091.6951531949 3312.4896547069
1136.6637391703 3406.1439633369
1245.7618923748 3687.3192506678
1290.2805185318 3772.8520202637
1333.4474414587 3852.4333437284
1367.0476575692 3902.8209944566
1395.1100210349 3936.4058872064
1370.0117721007 3820.9506089871
1427.5898694992 3936.0826826096
1460.5420927207 3981.4848204454
1529.2252613151 4122.1901230190
1525.2348852158 4066.0521125793
1626.7480362545 4289.3263426694
1574.6072530746 4107.0065975189
1457.2071313858 3760.1869106293
1311.6507589817 3348.8133192062
1319.3073706193 3333.1267075105
1294.1295156876 3235.6699605783
1274.9279975891 3154.9996566772
1263.9748122957 3096.1704916424
1288.8503212195 3125.4055545880
1329.6888828278 3192.3843383789
1316.9908332825 3130.7763576508
1334.7609501619 3142.0928148123
1300.9417255720 3032.9193671544
1306.8250318368 3017.5079802672
1311.2839957078 2999.1307556629
1280.7633781433 2901.8445587158
1282.4036455154 2878.5569381714
1309.4944999768 2912.2999356343
1276.8928334117 2813.8830512762
1279.1627012193 2793.3973148465
1275.8366651833 2761.1680254340
1287.6095735666 2761.8981997172
1296.5705647613 2756.6370819554
1305.0770181598 2750.5098256198
1313.6539856593 2744.6358781872
1326.2873852954 2747.2652267007
1331.5660567845 2734.7448292901
1343.6210155487 2736.2352188896
1365.2185587322 2756.9713171791
1384.3588232994 2772.4423969493
1392.1463559656 2765.1099317214
1390.2166128159 2738.7539068858
1508.0608129501 2946.8723044676
1519.6040062343 2945.5963934169
1558.8490588324 2997.6104668209
1572.8355612074 3000.6152561733
1585.6510120280 3001.3563703088
1623.5100139271 3049.1202744571
1688.3429324988 3146.4160644647
1824.8845025113 3374.8355915672
1949.0486933635 3577.0675585820
2080.2770323224 3789.1162766351
2098.0410443412 3792.8679519229
2252.7666773115 4042.3257010324
2424.0535298983 4317.6019191742
2273.0551660061 4019.0118253231
2155.8291196823 3784.0411186218
1901.4609098434 3313.4777545929
1933.3624839783 3344.9351647321
2032.6634874711 3491.7242343609
2025.2200861772 3454.3686310450
