281 2
-1859.3814969063 3198.4850168228
-1968.1120117505 3459.4401915868
-2042.1809156736 3615.9509221713
-2101.3746526506 3748.2404179043
-2288.3937888675 4112.1982203590
-2386.3160875109 4320.3070693546
-2199.1163767301 4011.4616430723
-2212.2864893505 4066.1962883813
-2157.7796061834 3996.4259783427
-2202.8370414461 4111.4053215299
-2236.9409402212 4207.5726588567
-2160.3804826736 4095.4618652662
-2022.9518596943 3865.2755297147
-1945.0372755527 3746.0390726725
-1867.5741275152 3625.7620811462
-1837.7938781466 3596.8589101519
-1834.3128526912 3619.3757337682
-1892.1581983566 3764.2664909363
-1976.8079837163 3965.3316974640
-2067.8506592909 4182.6957662900
-1881.7152728637 3838.3410274982
-1606.7587196827 3305.3985834122
-1621.6457068920 3364.6831274033
-1541.0460141989 3225.1572975746
-1415.5905370055 2988.4956705159
-1371.7439733446 2921.4665889740
-1377.0474849209 2958.8531755632
-1353.7308238447 2934.8631724715
-1318.5980096459 2884.5891728997
-1306.0069046915 2883.1595778465
-1290.0298088789 2874.1597458720
-1277.3718796670 2872.4561408162
-1269.5855125785 2881.7782104015
-1259.8421014845 2886.7928683758
-1252.2654123604 2896.9159796834
-1244.6058765054 2907.0413932204
-1236.4702932537 2916.2417352200
-1213.8661290660 2891.1626338959
-1225.3201231360 2947.5108757615
-1378.1199574471 3348.4211444855
-1404.1661686367 3446.3766415914
-1470.8782388614 3647.1780446860
-1443.1412128302 3615.5208532627
-1453.2982921600 3679.1317462921
-1447.0617532730 3702.1489906311
-1439.2895650864 3721.6881942749
-1433.3019876480 3746.3148593903
-1423.5475492477 3761.5270328522
-1433.3710432053 3829.3799495697
-1429.9492438634 3862.9689613978
-1422.7273315191 3886.9358102481
-1409.3344360590 3894.3989475568
-1426.3451773187 3987.0212285415
-1458.7455879558 4125.3345879641
-1503.9035649527 4303.4312384469
-1536.6332468234 4449.8086477581
-1585.9857956568 4648.4596570333
-1654.4263998667 4908.6250305176
-1775.5553921064 5333.5309028625
-1779.6182211708 5413.0592907176
-1812.3981602052 5583.0793661230
-1827.0678239710 5700.9833279778
-1777.2303609287 5618.0580644047
-1810.2947399020 5798.4725236893
-1727.7150034904 5608.3435535431
-1684.7067356110 5543.2374477386
-1621.8070302691 5409.9795477731
-1562.2458590402 5284.2815187242
-1502.2031068802 5153.3606847127
-1461.7656469345 5086.8927107917
-1395.3532377879 4926.7680909899
-1326.8355239521 4754.3482346968
-1269.3076694713 4616.7074371787
-1229.3374207285 4539.6942032708
-1210.7970184750 4540.6544473436
-1193.9664483070 4548.1580628289
-1173.5761918520 4542.1249991969
-1148.6652076244 4518.1138753891
-1130.6983351707 4521.0734605789
-1117.6256299019 4544.0314531326
-1091.3629710674 4513.2298946381
-1073.9270210266 4518.4929847717
-1057.5124025345 4528.3160924911
-1036.8636101484 4520.0356483459
-1041.3404166698 4622.9949951172
-1055.0671935081 4771.6441392899
-1091.1300122738 5028.9113759995
-1136.1467480659 5338.2589101791
-1191.6638745202 5710.1972368028
-1196.9906290372 5851.8232239617
-1199.7202775058 5986.3420935238
-1215.7210707664 6194.1539049149
-1164.9832804998 6063.5581652323
-1146.1112419764 6096.7194239299
-1128.4677664439 6138.0565643311
-1112.2662067413 6189.3221855164
-1059.8848025004 6036.9314829508
-1060.3509902954 6185.4608853658
-906.0124769807 5415.9527063370
-806.4448535442 4943.1041812897
-586.4893457164 3688.4969939356
-410.3239476681 2649.5673997062
-489.3813992248 3246.8701040044
-456.5861796339 3114.8520012697
-455.3867917922 3196.9727575779
-433.2219635447 3132.4194934633
-590.2811129545 4399.7570564007
-617.1507556801 4746.5196485105
-540.7170905517 4295.4526497768
-521.7191946727 4285.4909367032
-492.5325858806 4188.1893447467
-211.8142247200 1866.8641677270
-205.8669084311 1883.1683206558
-198.2948419948 1885.3086382151
-188.1314054841 1861.9770606359
-180.8320336044 1866.2090361118
-173.9162588492 1874.9542906880
-167.2841469447 1887.7177556356
-164.1885918729 1943.5966645970
-158.8037406143 1976.7390615062
-166.1293992871 2180.2972304194
-157.8957464765 2191.3135612712
-189.6058608862 2791.8179197745
-217.2806507349 3407.0211887360
-264.3459254633 4432.8118096227
-262.9432454705 4738.2749497890
-281.1243674334 5474.3520512300
-260.3377279113 5514.1655136557
-237.6725340591 5518.0193115683
-215.7691743444 5542.2613761004
-194.0412977163 5577.3174061495
-170.2323310515 5553.9473645827
-148.9422303789 5618.2924158433
-125.1640183961 5595.2303269330
-102.2503525019 5609.1180128210
-79.7187508299 5658.2868282612
-55.0716017874 5535.7306737166
-32.3881906542 5576.5477960760
-8.9647304267 5376.2537240982
13.1982130591 5336.9397683577
32.2105033466 4870.4515237075
50.9651878050 4739.2223221915
64.6752789617 4342.2622879346
83.7382284157 4399.2096115561
102.3652846615 4417.0002937317
119.1369234806 4361.4727428981
137.9620007106 4385.8421189444
155.7237782649 4374.6718679156
174.2809060074 4385.8445712498
189.7497822841 4324.5252881731
204.8911991574 4266.9613701957
223.0860023271 4277.0769709633
234.5288835466 4165.7750725746
256.1202004552 4237.6335620880
222.6598122541 3447.8190506206
233.1066076693 3392.1039982846
241.4397542414 3313.7116683157
240.6771841802 3125.6256479966
256.7008954027 3163.6108211849
264.8043256739 3105.0361550373
277.8997581739 3107.7105907293
292.1359364329 3122.3405311848
306.0396325130 3132.3275749500
317.8823166169 3121.2656039458
339.2959132791 3201.3727903366
357.5234229748 3246.5247557713
461.6556655277 4040.2042865753
521.3583856821 4403.1457304955
539.0703572946 4398.9100736730
601.8052647511 4750.3388590283
619.6208331320 4736.1749543084
630.0850278801 4668.4124999576
649.6405079961 4670.0377225876
677.6139080524 4730.3335762024
731.7777939818 4964.9380120364
817.0866861063 5392.2589526457
845.4159848830 5430.8203809402
881.0501975172 5513.0934995763
918.8224007102 5604.2516091291
945.6226755591 5625.6453009213
992.9508306086 5765.1977837086
997.0520883799 5653.1093120575
1007.0396346204 5578.7714509403
1046.3199913502 5666.4043068886
1033.1375844338 5472.3092177335
873.8860397235 4529.4517278671
889.4064996554 4513.0440411360
830.1689404028 4125.7786044368
800.6172878668 3898.6881636083
722.5046020288 3448.7748023791
638.9604437610 2990.8770426460
619.5744857555 2844.9958591926
638.4044654667 2876.7661154270
627.0481530163 2773.8391823239
461.7205147560 2005.7510137558
469.6824539166 2004.2881873938
477.3573219776 2001.6723966599
486.2811851501 2004.2938852310
493.1820191088 1998.6289966674
502.8731212020 2004.2721033096
578.9618814985 2270.0729618470
582.3523771195 2246.8898353123
670.8126522246 2547.4993898755
661.3233279098 2472.5836786357
853.5494825670 3142.6372528076
960.8068744342 3484.4240188599
996.8924423059 3561.8077675502
1056.2180174249 3718.7592642648
1140.6637032827 3958.3732386430
1162.4376624823 3976.7939448357
1193.9774205287 4027.6430547237
1214.0761713187 4039.0289723873
1204.2506456375 3951.9050407410
1233.0143165588 3992.0549297333
1237.4989604950 3953.5756397247
1228.4311008453 3873.3686733246
1237.4066972733 3851.3886356354
1246.8107480269 3831.2844588206
1273.3335082348 3863.6281490326
1281.7087861208 3840.7881993514
1306.8608549925 3868.1655113514
1330.3720584283 3890.0819191566
1322.7424254784 3821.5057574786
1332.6347745382 3804.5747371820
1337.2750061530 3773.2201505590
1353.4437153074 3774.7424355260
1364.1213222786 3761.0902786255
1371.6644799268 3739.2016163579
1392.6302856869 3753.9837713595
1396.1249987284 3721.8641881590
1417.6766322209 3738.0575125034
1424.0985237635 3714.4385484549
1440.7034683228 3717.6008129120
1460.2929544449 3728.3159923553
1479.2485475540 3737.2056102753
1496.4847469330 3741.6121959686
1506.2711763382 3727.4929523468
1519.2668199539 3721.5211582184
1532.5497198105 3716.3659286499
1524.3447208405 3659.7240066528
1551.5660715103 3688.4132289886
1558.6492252350 3669.1368579865
1551.9046068192 3617.9956722260
1590.3523015976 3672.1830368042
1605.8131122589 3672.7692317963
1604.4089885858 3635.1332297692
1624.4891881943 3646.4217809530
1639.6800371317 3646.6286090704
1648.0717934095 3631.8484911552
1655.5203887132 3615.2760524016
1680.2249321571 3636.3459000221
1704.8166898581 3656.7995915046
1732.4927816024 3683.4508272318
1738.2344184098 3663.4089946747
1752.4626166732 3661.4450172142
1775.3270681088 3677.4038534898
1732.0644855499 3557.2808522445
1599.6978327080 3257.7263072685
1613.9497756958 3259.2681135450
1640.7476919038 3285.9099847930
1604.7230876725 3187.3342826449
1604.4726207339 3160.8423611213
1604.3602433698 3135.0490306986
1617.0117934545 3134.4113270442
1628.9630306178 3132.4371140579
1641.1235650380 3130.8933099111
1652.0448565483 3127.0281394323
1662.3524427414 3122.0703840256
1677.3715178172 3125.9695212046
1682.5942794482 3111.6922537486
1665.9175888185 3057.4401963142
1647.7750986814 3001.3364851475
1661.8212884472 3004.2638394140
1630.2701123059 2925.3285452724
1632.3456466198 2907.4517115951
1649.5033688843 2916.5036305785
1633.1312991679 2866.5704652667
1643.7295414507 2864.3562048674
1652.3529110533 2858.7568745469
1658.9402971846 2849.7397971876
1666.8020089467 2843.0236397368
