241 2
-881.1385461262 1405.6003264018
-871.3945448399 1399.2988765240
-870.5391798701 1407.2821310588
-885.3992998600 1440.9491300583
-892.6421187141 1462.5920707529
-889.6279454231 1467.6098108292
-880.3996010260 1462.3746221716
-869.0648674965 1453.5439252853
-862.3986509111 1452.4527523253
-863.4952232242 1464.5121917129
-857.6572196824 1464.8977943829
-852.0334283511 1465.6573375066
-839.9346385683 1455.2096923192
-830.7772938241 1449.7440444662
-838.0098887112 1473.0081350907
-812.6399691763 1438.8863218242
-810.8405168094 1446.3033203095
-799.3282931192 1436.3770617379
-789.8845767218 1430.0469179002
-784.3183118200 1430.6941070254
-777.6306195865 1429.2899218817
-771.3094552358 1428.5430832515
-765.3548216063 1428.4687836965
-759.4657682237 1428.5166850166
-753.4474172289 1428.3202129697
-746.2406489584 1425.8499202274
-740.9176268275 1426.9682377104
-732.0880975042 1421.2968784665
-726.0611577640 1421.0187177809
-721.1527805480 1422.9431455098
-712.1907850591 1416.8349824301
-700.1680012407 1404.4855997480
-708.0526260229 1432.1966308814
-692.0203407605 1411.5897973378
-767.5413901989 1578.9739902203
-809.3685607115 1679.3241401513
-874.9431284765 1831.1128591498
-889.6617591381 1878.1916550968
-891.2455907890 1898.1269399325
-889.8709109335 1912.0600115169
-866.1400755246 1877.7755101522
-865.7317892198 1893.8907461782
-875.3147444555 1932.3573793684
-878.0970850161 1956.3821171011
-887.8046202660 1996.4270782471
-892.3282946150 2025.4581024249
-886.0135440316 2030.2049134459
-883.7730442324 2044.4677568251
-885.4810800403 2068.2291314006
-861.8933751303 2032.7940442983
-871.5098268456 2075.7450593842
-864.6300792694 2079.8699915409
-855.2251559932 2077.9424934852
-867.4840345615 2129.1473318891
-848.0042960586 2102.7047401521
-830.1464101163 2079.7768511423
-820.8513739632 2078.0457345451
-814.3287562742 2083.3709123658
-807.3008874568 2087.5035902349
-801.1197287862 2093.9388798504
-796.2834486147 2104.0685932811
-789.6160715964 2109.5304779890
-788.9785519460 2131.4040625968
-796.2377548218 2175.3466129303
-800.9163460561 2213.1636653628
-815.4217481613 2279.3246984482
-812.1031910181 2296.6289937496
-803.8682028651 2300.2748429775
-796.9789862633 2307.9052388668
-788.3465871215 2310.6116473675
-779.4653505087 2312.6463055611
-770.6339120865 2314.8811399937
-761.7436394095 2316.9932842255
-753.2326027751 2320.3275799751
-743.0083364248 2318.4022367001
-734.3353286386 2321.3302016258
-731.3587427139 2342.5818204880
-712.8570646048 2314.0085697174
-729.8010541843 2401.2847191248
-730.4448982080 2436.5980923176
-758.6881747613 2566.2554594187
-783.9628838831 2689.4123223093
-801.7756114988 2790.1507475797
-802.4555617763 2833.3416215835
-791.9474128754 2837.7245626142
-786.0506965268 2859.0122038318
-777.7033102128 2871.9009199450
-776.0276714961 2910.2098703384
-783.3729204924 2984.0904422428
-767.4828792612 2970.4106152058
-755.6993746758 2972.4377536774
-749.5255732536 2996.9622516632
-766.8854832649 3117.9955959320
-771.7343255093 3191.4353872600
-776.6678082316 3267.7900163751
-774.7068311039 3317.3297957370
-779.2823599732 3397.1527037413
-785.2852238076 3486.2467561449
-790.0072485209 3572.8847384453
-818.4547995528 3772.1780141195
-845.9535059722 3974.7672702955
-836.3082434820 4007.4094067449
-832.3775840842 4069.3104578101
-822.9650699574 4106.4159559167
-814.7331882607 4151.1024345051
-799.3768399412 4160.6331521815
-787.9268066450 4191.3633129813
-775.2593538978 4216.8557643890
-769.4602835746 4281.7426636105
-722.2538752989 4113.8405908238
-668.7432148240 3901.0525941849
-624.2970715870 3731.9171320308
-602.1932235786 3691.1437170846
-580.6988568410 3652.0799139272
-547.3554310474 3534.4149849632
-527.6807300423 3500.9724471880
-504.3446828019 3440.6627633355
-482.3402938518 3386.1956488002
-452.8137976709 3274.0785971932
-439.7993022981 3278.1162676604
-422.8157842159 3251.8851947784
-387.7741235953 3080.4747893260
-382.3287014304 3140.5135434249
-364.2018889559 3096.9453022398
-348.7783865682 3074.0233371998
-335.1293514172 3065.5969778697
-322.3118225733 3064.4128322601
-309.3181679646 3061.3885084788
-296.2065448364 3056.8882783254
-283.5034936666 3056.3910404841
-270.4612920361 3052.0201344644
-257.4651861383 3047.7664086127
-245.5556387863 3056.5994324223
-232.1785635525 3047.1324382290
-219.1188306578 3040.9815926706
-207.3186559062 3052.6268943664
-195.0459897518 3058.3755016327
-182.3236554861 3057.3819478353
-169.9581950903 3062.6709779104
-158.2034965356 3080.7064056396
-164.4708900289 3483.6277419871
-168.3146605889 3907.7445842602
-163.7479095505 4206.0397404891
-151.3067126274 4348.9997982979
-138.1331863148 4506.6906838190
-122.0836393535 4605.1519036293
-100.2465154637 4481.3386093486
-80.2085846663 4399.9791578813
-63.1362006746 4481.2886498191
-44.3592694673 4458.9400291443
-25.7170846347 4427.9272773049
-7.3443451812 4404.4897989793
8.4165413441 3403.3830960592
18.9683793635 2868.1505569598
24.4314786756 2271.8685837019
16.5372119498 1110.2992128908
17.7196709622 930.9075210915
21.5918766793 931.6764425059
25.1273212069 919.8837993575
28.1908417181 896.1930371100
32.0649350993 900.7845024268
38.5873795502 971.0659138740
46.9195619226 1069.3284102849
51.1471197571 1065.1642511476
62.5782561429 1199.7705761423
74.9417590548 1331.1388565570
79.3076438399 1312.1836391779
86.4736471249 1339.0179629229
91.7759267840 1335.4983111707
92.3862888971 1267.9830859689
98.6161273387 1280.7076010439
120.9482870720 1490.5803336038
131.1031218086 1537.2857834612
135.1774380063 1511.6686676488
142.0401606490 1518.1211864247
148.7452936800 1522.4138686531
155.1258166631 1523.1702113763
161.2081191479 1521.0536443270
167.5983292934 1521.8922144327
174.0083359182 1522.8432595730
180.3107523337 1522.8191526925
187.7159457981 1531.7955121659
249.8702387341 1972.3461534156
334.1764873928 2554.3335888121
456.2640104330 3380.5415341348
556.5959730974 4001.1732486578
793.5121506453 5539.4040346146
806.9670163095 5475.0789105892
827.4788297713 5460.8406126499
868.6389625072 5580.0012350082
914.9828329682 5725.4241108894
903.5068713129 5510.8363330364
732.0593198140 2140.5821707514
772.3932307342 2231.5040785691
807.2645068169 2304.6810988224
838.5065848177 2365.9082037030
864.3130172383 2410.5612653675
876.4403751402 2416.4795875549
887.0340827852 2418.0834963918
890.6249642372 2400.7747377668
905.1743243870 2413.0617882076
907.1266683372 2391.8654016546
942.6812964517 2458.7707583969
1033.7666034698 2667.5381660461
1092.9254925612 2790.3795531302
1124.3263706565 2840.5225574970
1126.9503355026 2817.6773003169
1142.6359833898 2827.6233479783
1118.6960577965 2740.3027534485
1120.5005049706 2717.1646177769
1132.0062696934 2717.7779436111
1149.8176302665 2733.3689561257
1157.9685562696 2725.9148970628
1114.5684350939 2598.4224431655
1147.7778192722 2650.2620054014
1151.0703429099 2632.6947366038
1142.4215031522 2588.4013346263
1147.0242584193 2574.6766019751
1193.0578798056 2653.3463171550
1389.7858244531 3062.6648664474
1757.0126414299 3836.9117259979
1724.5786714554 3732.3363208771
1744.5865821838 3742.1052551270
1800.8787433306 3828.8460671902
1831.0715804497 3859.0676188469
1948.2870264487 4070.5837011337
2055.7837315968 4258.3404041472
2113.1309952055 4339.9079186576
1902.4755424923 3874.3220832613
1422.4560360114 2872.5587328275
767.4650053183 1536.9949638844
797.9461337839 1584.8971435002
817.9202079773 1611.3187948863
833.0726941427 1627.8911352158
852.9791156451 1653.4124612808
868.4586456844 1670.0146368572
872.5966560213 1664.7174797560
882.8659199533 1671.1087170101
890.5787297658 1672.5992815835
903.0066547186 1682.8539682471
924.6179048832 1709.9347389661
