281 2
-857.8949642592 1359.5423410679
-849.7521877289 1355.5325475232
-843.6686582035 1354.7762129042
-825.4307596123 1334.3614409952
-824.8391672969 1342.3901200294
-827.4809542824 1355.8256520944
-841.8682050705 1388.8210678101
-838.0805730820 1392.0812320709
-844.9671806074 1413.2396122989
-877.5553868877 1477.9797483374
-909.5910975227 1542.6920895223
-921.2637195985 1573.5391130050
-926.8996503618 1594.4412920210
-907.9835123204 1573.1062229643
-938.6215413159 1637.9371366718
-958.1745971333 1684.2271143740
-961.0881999482 1701.7335087754
-957.4693072410 1707.8463860920
-951.5881064611 1709.9849260770
-948.6479485357 1717.4801439852
-971.8324959278 1772.7433085442
-919.3041653469 1689.6867710969
-999.8246133327 1851.7762422562
-939.0555809845 1752.6662701910
-918.2058128905 1727.0986628025
-911.2331417372 1727.4366932095
-896.8161333282 1713.5560917404
-888.4179194768 1711.0460069444
-881.1649301877 1710.7189297676
-879.0684684559 1720.4787267579
-870.9877557479 1718.5901449277
-863.9700664924 1718.7852217601
-853.4970260583 1712.0523796632
-845.9908793557 1711.2079611364
-839.9724240573 1713.3839017940
-836.6044211388 1721.0493707657
-823.5343301550 1708.7160932257
-827.8431594372 1732.5403349740
-828.7532678465 1749.6058999038
-847.3792779140 1804.7028382619
-866.2278196391 1861.2582648502
-865.9875886781 1877.4449314390
-871.6204553843 1906.7729085684
-859.2896563251 1896.9801809730
-858.6347631433 1913.0204861814
-856.6879995845 1926.4543950558
-846.7438234839 1921.9878496126
-842.1588193539 1929.7165177589
-837.3540287668 1937.0847777887
-833.4089318911 1946.6035736932
-817.0917211695 1927.1283834539
-810.6301426888 1930.7430113355
-799.5846544703 1923.4030370911
-787.3253214359 1912.9661130905
-776.6156884340 1906.1206189486
-770.1149909001 1909.5710426007
-761.7102434050 1908.3227886344
-756.0784917957 1914.0684087321
-748.6055785755 1915.2253371365
-742.7960943717 1920.7083101456
-734.2930367360 1919.2695892774
-729.6597127821 1928.0245865093
-724.3578827381 1935.1873517036
-722.9814690848 1953.1147330999
-721.7206346228 1971.7634814851
-714.4693123533 1974.2854757512
-706.3677069989 1974.4891283360
-698.2049066970 1974.5244574040
-689.0191029995 1971.6332897227
-680.7143320429 1971.2241076409
-672.7966805722 1971.9396119422
-665.1005034751 1973.3298230678
-657.0711516319 1973.7538226107
-649.4318779479 1975.3749649575
-640.0038726786 1971.5272873006
-631.4752799399 1970.3866243362
-623.5215461000 1971.0333068320
-615.5029154838 1971.4892671463
-606.5818299638 1969.0280417179
-598.1378238252 1968.0694874297
-589.9666788730 1967.9946772596
-581.9857805333 1968.5612485764
-574.4049916876 1970.5165421709
-566.9842235585 1973.0850128417
-557.6207853378 1968.8693411807
-549.4218887167 1968.7014209463
-541.3577772201 1969.0186495477
-532.6578135186 1966.9975016979
-524.2777454092 1966.1132426972
-516.2588281834 1966.5767842151
-508.4664846988 1967.9321659372
-499.8514969298 1966.0959040865
-492.1252860668 1967.7525987016
-483.3871272016 1965.3507141357
-474.6224734377 1962.7570091410
-466.4919661715 1962.7410553871
-458.2039866042 1962.0502375542
-450.1009532746 1962.1407351595
-442.0793868126 1962.5962338549
-433.1346052758 1958.8934512849
-425.4438591764 1960.8290728102
-416.9485835319 1959.0598623803
-408.9021283261 1959.3711203717
-400.2679161569 1956.8215557869
-391.8989769956 1955.4902873141
-384.1240558218 1957.1294125090
-377.7496408909 1966.1286080137
-370.8792747335 1972.8860043465
-363.7148313066 1978.3482399393
-356.7801289102 1985.3405470544
-347.1646942991 1977.3936322395
-342.8751891074 2000.1311820486
-335.2394006822 2003.9909352427
-327.7239793021 2008.7843096775
-319.5524895969 2009.7012727157
-312.1709694033 2015.7683776773
-304.3147137632 2019.0190180488
-297.6088627525 2030.3014309510
-289.3961454215 2031.6610491794
-281.5236066994 2035.5616807938
-273.8439382418 2041.1407014598
-267.1855376826 2054.9296749963
-257.8968644142 2048.7307972378
-252.5869700644 2074.7926818000
-243.5110976299 2070.6662019094
-238.4078133513 2101.2517105449
-231.4277187818 2116.9859170914
-222.9735672474 2119.9441909790
-214.8375764038 2126.2937748071
-209.7599179514 2164.7483379610
-214.0722117490 2307.8670899073
-208.1280189256 2348.6203749975
-200.8281126618 2377.3201306661
-195.3180645193 2431.2579291207
-217.4860474964 4235.1190050443
-210.4677771745 4457.8793256179
-186.9888110530 4341.3004875183
-171.1054220796 4395.0252532959
-150.4740929231 4325.0677585602
-133.8347733642 4366.4519985517
-114.8574346304 4332.5701236725
-101.1991636320 4523.9250009710
-83.5216671583 4581.7240646907
-65.1675734669 4625.4715919495
-44.6730107069 4490.4769034613
-26.9907312468 4647.2217559814
-7.6445968906 4584.5542387529
10.9375787101 4422.8106226240
33.8224422719 5114.1879899161
89.7560979832 8346.3659286499
131.1270770701 8803.7991090254
174.1327583790 9148.1099128723
203.5712179813 8783.9752544056
249.0386143327 9117.0318603516
281.6425949335 8953.4798622131
337.6545475589 9485.5639139811
376.7830895053 9481.8879233466
384.6884638071 8767.3091888428
391.4468983809 8152.0768006643
425.8483375112 8164.5020643870
444.6925719579 7898.7679084142
471.5381587545 7801.8287420273
501.7793526252 7769.8996861776
530.3432742755 7717.4110412598
559.5771769683 7680.0833940506
591.4281209310 7680.7566483816
623.1260548035 7679.4759035110
649.8815665642 7620.3657388687
676.1153737704 7560.8951648076
710.8582754930 7597.6328452428
691.9866754459 7082.5105080238
745.2877209737 7317.9313219511
803.4711205042 7581.0243900006
850.5927721659 7723.8866885503
901.8210967382 7892.3356135686
956.6416442394 8079.3420473735
969.1584408283 7908.5052013397
979.7142297029 7733.3563168844
1015.1878396670 7759.7573200862
1051.3838529587 7789.8905277252
1074.8519798120 7726.7339229584
1094.8589543502 7643.0663267771
1124.3863403797 7628.6934216817
1149.3766804536 7585.1643482844
1162.9256376853 7470.4528588515
1180.1801919937 7384.8730967595
1147.5089146541 6999.0988511306
1137.1662701879 6765.1657717569
1108.4738033158 6435.9387329647
1098.5839923223 6228.7771860758
1108.0062230428 6138.1035804749
1124.1384108861 6087.8341992696
1142.8311904271 6053.3328056335
1160.3847265244 6014.4073486328
1177.3935397466 5974.3534406026
1199.9640613794 5963.5884761810
1228.3898964524 5981.7706942558
1237.3991534114 5906.5521359444
1250.9370371699 5855.4467856884
1271.4224234223 5838.1867408752
1310.7919692993 5906.6659510136
1319.2456141114 5835.8759582043
1337.6003354788 5810.6433153152
1363.9467060566 5820.4054236412
1388.9541924000 5824.2143094540
998.4416252580 4115.2536910156
893.2100314843 3619.7496966312
765.3787019460 3050.5253257959
697.8966094877 2736.4085575809
536.7179754234 2070.8186285836
522.4234309602 1983.9717834554
534.2823660120 1997.5975244603
541.9526398182 1995.3858722811
550.3963193995 1996.0453916103
558.0617062589 1993.9046489432
567.7877588475 1999.0815710514
575.4261701665 1996.8650924399
583.3932135967 1995.8356973973
591.9306493820 1996.7591737179
599.9528245723 1995.9430009761
607.6008284346 1993.9211175797
616.0582760547 1994.5741536769
616.5791978227 1969.8541874581
628.7522216638 1982.5199494759
638.9513028705 1988.7154387391
641.3811559373 1970.8794456847
657.7985882759 1995.9335941257
668.7598930938 2004.0161183902
676.3273049624 2001.8550035281
685.3955305285 2004.1346814897
695.3909150932 2009.0384353762
707.9307333283 2021.0904375367
714.4672015439 2015.9219321997
721.5935963651 2012.5181052996
729.6790441741 2011.8362437124
736.6166620151 2008.0407728320
745.3833028026 2009.2603486517
752.4079376079 2005.8090382434
762.4903727085 2010.4957717530
770.7003964030 2010.1975072985
779.3309441427 2010.9907388687
786.3820592562 2007.7346899571
792.0376093764 2001.0209899200
803.0289019857 2007.7870607376
813.4807691430 2013.0796071255
822.8948831558 2015.7227720533
833.8616291682 2022.0778747038
840.1729278266 2017.1297118068
850.1406638853 2020.9710136537
856.3973492589 2016.0014423831
862.2105229985 2010.0938623602
856.1335742474 1976.8445163965
855.7631659508 1957.2767305374
861.9773961031 1952.9949839299
866.4747735239 1944.9390735266
882.9481005669 1963.6659180676
861.7690470484 1899.0766141150
852.0988049331 1860.7879457650
854.4985342909 1849.3073052830
852.1087026155 1827.7570649430
857.0650562092 1822.2049540944
863.9447655318 1820.8033228820
869.1921256207 1816.0154576655
877.7467078633 1818.1602513349
876.0476796715 1799.2099302786
882.9451214384 1798.0855438444
890.5115363733 1798.3309345425
898.2671937853 1798.9512569499
902.4627449421 1792.4902209869
908.0383777618 1788.8533473015
914.7272837162 1787.4507713318
919.8615443707 1783.0571889877
925.1786792278 1779.0852355957
927.1619951725 1768.8158226013
918.6064381989 1738.7591989673
932.6040696125 1751.5272145369
938.7458258746 1749.4579188678
931.0364339087 1721.8047963248
937.0186183188 1719.6999496884
946.7028138183 1724.3698494775
961.5891633964 1738.3743873457
