289 2
-963.0137324333 1526.1284589767
-956.6734910011 1526.0944008827
-941.4549469948 1511.8029514949
-927.3970193333 1499.1963704427
-921.5570151806 1499.7942686081
-908.1300497055 1487.9690011342
-900.8468687534 1486.1175417900
-888.6311501265 1476.0475307703
-904.2104056903 1512.3261213303
-866.4327164491 1459.2469533285
-877.4309859556 1488.1476374233
-856.7634878250 1463.3712631006
-835.7691736448 1437.6797846385
-826.5977710012 1432.1032119176
-825.3054997278 1440.1954961202
-812.9561411010 1428.9700190226
-805.3178342562 1425.9215177052
-799.0633930479 1425.2963785141
-793.3239066412 1425.5872927015
-790.1496669603 1430.5268582844
-785.2629309609 1432.4171826953
-785.8448189402 1444.3876837927
-783.9812343083 1452.0124764670
-777.3199668006 1450.8006818711
-772.8221482701 1453.6393351025
-765.8791655586 1451.8872329167
-767.0948959532 1465.6963651142
-763.4867950091 1470.4352711874
-759.5255836364 1474.5647888030
-696.0588033001 1362.2992942731
-505.1772427761 996.7908505666
-485.3539084777 965.5648515775
-472.0365420768 954.8007061607
-469.4301223755 957.5481104851
-468.9620644488 964.7413314657
-471.3738916213 978.0334934854
-589.1400820443 1232.9738267830
-725.9001130504 1532.4695014528
-730.0132060690 1554.7428929380
-663.8090126216 1426.3222441077
-622.3601066230 1349.2650943890
-763.9193573306 1671.1640050334
-783.0756885665 1728.7291492735
-797.5391408672 1776.9007112669
-791.2074304544 1779.2067138048
-789.3336216609 1791.6748640584
-782.7681326399 1793.6291414149
-773.4716791733 1789.3031858930
-765.4968453389 1787.9804770152
-758.2989440245 1788.4643428466
-750.7727952564 1788.1759638880
-743.6039434827 1788.7413035268
-737.0930621701 1790.9166697533
-732.4842121452 1797.8046312928
-708.2043331723 1756.0578640117
-713.6779361301 1787.9867951075
-702.8038024902 1779.1995922724
-662.5516679552 1695.0658294890
-1198.7392557295 3274.9933506313
-1217.3059644370 3363.7687378916
-1252.9247425221 3502.2641199606
-1281.9970479378 3625.4894779279
-1302.1120774119 3726.0034272545
-1325.4448042976 3838.2455243005
-1312.7445101738 3847.6006388664
-1340.2321338654 3976.4216840267
-1440.8689498901 4328.1775712967
-1927.0764440298 5861.5825474262
-1925.0358566642 5930.0590455532
-1753.7973490026 5472.3581605487
-1604.8370599747 5073.1002943856
-1647.1653342247 5275.9600758553
-1618.0521190166 5252.3663520813
-1562.4137549173 5140.8533482325
-1537.9517702829 5130.2573567345
-1518.9413740521 5137.8044514429
-1466.9854505496 5032.5452306054
-1459.1686833989 5077.8554244475
-1427.3622490111 5039.7866794041
-1426.5644521940 5111.6991724287
-1436.6598755121 5225.3984212875
-1451.9589166892 5361.7904186249
-1446.0050589160 5422.7166552293
-1453.9789623684 5538.6197566986
-1493.7574092080 5781.3313708586
-1518.3934420347 5972.3880589008
-1496.9019492467 5985.3309313456
-1468.5074965159 5970.6435203552
-1443.6674197515 5970.1520601908
-1420.2488978704 5975.6245295207
-1378.7847235799 5904.0187001228
-1364.6309450269 5948.8830268383
-1312.1481016278 5825.2363801003
-1263.3535116911 5713.6393785477
-1201.2694933835 5536.5334118114
-1274.4659344355 5988.1605466207
-1255.2312771479 6014.7985458374
-1188.2057110469 5808.8756561279
-1157.3105880192 5774.7269698552
-1114.2873934337 5677.3445606232
-1077.9403001070 5610.5130314827
-1038.3528955281 5523.5005915165
-1002.7689854304 5454.3451627096
-987.5876307487 5495.5352147420
-962.5278234482 5482.4020067851
-957.9824090004 5588.3031527201
-878.5108812153 5251.5539526939
-823.0813609229 5045.0776682960
-777.5599831029 4890.1615895723
-797.6237965955 5150.4623095195
-723.1146097183 4797.6061670404
-708.1709566869 4831.1750010440
-684.8260728936 4807.7158927917
-660.8634214652 4778.3853380304
-640.4922008514 4774.0136447706
-620.2348411083 4770.2393531799
-599.3474066257 4761.2114191055
-575.2607584000 4725.2905845642
-554.1063189507 4711.7738723755
-539.3915027380 4754.0275573730
-498.5621660948 4560.5990886688
-498.5274150968 4739.8007869720
-472.1157655120 4672.6313829422
-453.9274156094 4684.5872402191
-442.9395556450 4775.2373933792
-431.7877277732 4872.5081682205
-415.4777854681 4918.2542800903
-393.4857338667 4897.9868173599
-377.0905673504 4948.9707231522
-357.9209670424 4967.3096179962
-331.7895203829 4885.3761434555
-325.0284038092 5096.5359838385
-303.5816064006 5090.7542580052
-277.8222498141 5006.3966700905
-262.0712965727 5103.3302942912
-236.2978560360 5004.9814926951
-212.8043064946 4940.6562353435
-192.1822969851 4936.4073402003
-171.4914323468 4929.1679984645
-151.0544301648 4928.2552819503
-131.3683414146 4955.3827235573
-110.4256757780 4936.3794828716
-89.7412727538 4922.9111420481
-68.9836685595 4896.3308836284
-48.7937486093 4904.6884837903
-27.8527178851 4795.6372562208
-8.0323829071 4817.1141022130
12.2016959481 4933.9798877114
32.7687631879 4954.8643959893
53.7397718678 4997.2292052375
75.2121085922 5049.6992270152
94.1866201005 4948.1186615793
115.9223061469 5001.9775231679
134.4068936176 4920.4897085826
151.6619905045 4821.3679414046
169.1251605749 4751.1502583822
182.1013316512 4582.6484475817
188.7433041226 4301.5869964253
192.5977745226 4010.9445537840
200.5015393098 3844.0803527832
198.3801747362 3523.6904422442
208.3099865913 3446.5902709961
216.5137016111 3352.6484171549
229.6659094947 3342.0358555658
243.0623987956 3335.9821438789
255.7822029505 3321.7914700508
268.4697327869 3308.6512684822
281.6815333707 3302.9345018523
294.8676400951 3297.4598237446
308.2901164889 3294.9959209987
321.0437106235 3285.8948452132
333.7266030056 3276.8396564892
345.4861864448 3259.7801429885
359.8353472249 3267.5183394860
372.6775646210 3261.5076303482
386.8102955407 3266.8163940824
394.9666701514 3222.9983148904
406.7690670490 3210.8241875966
420.0500955184 3210.7227961222
427.1022578080 3164.4768555959
437.5935456445 3145.7065536130
449.2306411266 3136.0200528176
460.3916435472 3123.6476052192
471.7008442648 3112.9293057226
484.1666750370 3110.2112031752
496.1224400228 3104.4421811258
503.9838091020 3073.9913217483
517.2889847909 3077.4266027635
527.2040251763 3061.0131294497
537.1738037755 3045.6805844461
552.8758783494 3062.8071677300
565.2907029275 3061.3633509605
579.1783236688 3067.7838786956
592.2997132424 3069.9574793539
606.3198370318 3076.6000132407
619.3215688070 3077.9080549876
631.2239309152 3073.8098462423
649.7096359730 3101.2981891632
663.3114079634 3104.8602104187
679.2123814424 3118.8443899155
695.3068514665 3133.1786314646
708.3082516988 3133.3051284154
723.6306726933 3143.5097853343
736.2081090609 3141.6401068370
750.8859872818 3148.6429770788
763.7220025063 3147.8152831395
778.9200802644 3156.5876483917
790.9017185370 3152.2509098053
799.8378157616 3136.1136198044
813.1944874922 3137.5478188197
826.8241902192 3139.9737993876
841.4334237576 3145.9869305293
858.6575150490 3161.4442507426
868.5226082802 3149.7495412827
881.1833381653 3148.3893871307
899.4000677405 3166.6305887288
925.9383370136 3213.2253482424
931.4749737581 3186.6517623266
954.3106617599 3219.1754127371
969.5300192669 3225.4646975419
983.7332100704 3228.2484317648
998.2075465137 3231.8354310661
1012.8389226979 3235.8292300126
1028.7569226890 3243.7756308194
1050.3117709324 3269.0617051618
1086.5170010205 3338.7230675796
1121.9680437020 3404.3456230845
1140.4886821221 3417.6058522586
1179.5156090348 3491.2374196229
1190.8824002301 3482.2064329077
1212.3337277660 3502.5264598705
1231.7173801936 3516.4629954558
1247.4355468383 3519.7314207370
1263.4332088324 3523.7039144223
1276.7142882714 3520.0956876461
1293.1314523403 3525.1180758843
1304.9886868550 3517.7364716163
1309.2191173480 3490.1859118388
1317.9756888637 3475.1711774755
1326.9796857127 3461.1261244173
1364.4651449644 3520.8749129222
1375.8493432632 3512.7206032093
1391.7804360390 3516.2243017784
1411.4355765856 3528.9665093789
1422.0856153048 3519.1631592237
1439.0715085543 3525.0787184789
1448.3526853415 3512.1918091407
1472.9874546711 3536.4228395315
1490.9195899963 3544.2432256845
1510.8125484907 3556.5270185471
1514.4101656400 3530.5839226796
1522.3122084582 3515.0759926549
1547.9709276786 3540.4742405965
1572.0066428185 3561.7187756758
1586.4836986248 3561.1125047390
1617.1036591897 3596.4190318034
1634.1408903782 3601.1490546740
1639.1542462202 3579.5361353801
1647.9483567751 3566.4928326240
1671.9105931429 3586.2166239665
1686.1766943565 3584.9782136770
1704.9468343075 3593.2539242965
1725.3409349001 3604.7793168288
1732.8275671372 3589.3705808199
1755.3328550779 3605.0689495527
1778.3383560181 3621.5212917328
1794.4996311114 3623.8769659629
1847.6086568832 3700.1884746552
1846.7907428741 3668.1340885162
1852.4302702684 3649.3238210678
1865.4553031921 3645.2498722076
1888.5063895812 3660.6758007636
1908.9946269989 3670.9277629852
1921.3016271591 3665.4098987579
1941.2122678757 3674.3707656860
1951.6895484924 3665.4755496979
1961.9526496300 3656.3183436027
1984.6674966812 3670.3289794922
1978.2976896867 3630.7479505954
1996.9404182936 3637.3229403245
2001.5375193428 3618.4075439678
2017.2841889518 3619.7799273900
1956.9024613925 3485.5359792709
1936.7579917113 3424.4015018145
2026.5263319016 3557.0811231931
2057.2677751382 3584.9861900012
2112.8811935584 3655.5227239927
2141.3658098741 3678.4539005973
2153.2652378082 3672.7721956041
