177 2
-413.4604352362 1211.8356858983
-405.9783726458 1204.5235804149
-403.2635485369 1211.3497427532
-392.9667023439 1195.2856306046
-387.6722885503 1194.2216630966
-382.3653218292 1193.0910689490
-377.1276672681 1192.1499854042
-372.1499991795 1192.0166734665
-367.2258674152 1192.0535734722
-362.3638233495 1192.2957651199
-357.0002144383 1190.8715386545
-351.4812163642 1188.8818076400
-346.6721719503 1189.2710852623
-339.5674925739 1181.6828574164
-334.5535867142 1181.2549395995
-390.6832699265 1536.6979667119
-391.4350236838 1565.1447268633
-385.5665887778 1567.6329135895
-393.0978596210 1625.6195545197
-408.1168988576 1717.1309498640
-437.0851600170 1871.6184759140
-429.5632781521 1872.6101344632
-443.5578468773 1969.1598216693
-420.6062870867 1902.2329344469
-401.3499951363 1849.7828221321
-386.2457719504 1814.8007299386
-386.0114938021 1849.6841311455
-376.5937286615 1841.0836744308
-366.3372257177 1827.9427593830
-360.6589192152 1837.5734853745
-350.0338085726 1821.8720029382
-343.4780847793 1827.1258227965
-336.0613415054 1827.9330426571
-328.4065437083 1827.4527367424
-320.9876032437 1828.2931879455
-313.4047739646 1828.2182029649
-306.5778239101 1832.6580150455
-298.0407716012 1826.8410621905
-290.3172823728 1825.8378178466
-285.0288939476 1840.5049467087
-274.1065574627 1818.5987075170
-275.5559993034 1879.8557617226
-269.2215165427 1890.0281606719
-267.1478154028 1931.6172564731
-266.1399953895 1983.7181303236
-263.3454435401 2025.3953986698
-258.9628642256 2057.1991151029
-253.6874057894 2083.8318467140
-246.7490502379 2098.1997414069
-239.7419941980 2113.0107391712
-232.3914939581 2125.8020567340
-224.8472901327 2137.7587715785
-216.6118962424 2143.8546067192
-207.6608634421 2143.0858657474
-200.2396808892 2158.7415206723
-192.3176120967 2170.2078700066
-184.4349816824 2183.2650991587
-177.3303575241 2207.3525954516
-169.2479891997 2221.2258953797
-164.4240702902 2281.9151333400
-160.4287922382 2362.2053746254
-156.7930378791 2458.5585923030
-149.8239415473 2512.3948475410
-139.4768040627 2513.3920088410
-131.1315784560 2553.5332805970
-122.9962962953 2605.1619333379
-116.6230568832 2707.6257864634
-107.6213090935 2764.3681222742
-98.5332363844 2832.1349143982
-92.7614170526 3026.4053344727
-74.0924049169 3312.1664949826
-59.2045248326 3247.7655657407
-46.9136909981 3329.8454710415
-32.1532816722 3232.0089093570
-18.6993531112 3219.6253085959
-5.3591890068 3213.9683756335
7.9228093141 3203.7334688779
21.2120041251 3207.4022210878
34.6472540806 3221.8274659124
48.1016908226 3229.5207566228
61.8713363234 3250.4267692566
77.1695018879 3329.8174313137
140.7480364045 3953.9656539758
163.8262006252 4122.7479395659
179.2640744344 4085.5489399122
197.1670687199 4106.1024873153
216.4218872786 4149.3105266405
234.5052320849 4165.3549020941
253.7941648202 4199.1482647983
273.1267457659 4229.2840264060
291.6369885206 4243.8221411272
311.1704574390 4270.7513679158
336.2134028049 4366.3351422264
359.4795493853 4430.2666073754
383.5871189833 4497.8565692902
414.1788333654 4631.6986799240
443.0972588690 4735.8108319734
471.0506828208 4821.2221547177
504.1275934169 4949.9958690844
540.3569183852 5098.4519908303
574.5713412762 5217.4484729767
750.9815030628 6342.4338764615
842.0765740531 6646.9158785684
884.5203731741 6760.9785965511
918.7548160553 6807.2184153966
954.0586130960 6858.3928176335
987.6698851585 6894.7936466762
1012.0537025588 6866.5434973580
1041.6572519711 6874.2836884090
1067.5868221692 6858.0110073090
1074.0689039230 6720.8909647805
1099.6074165617 6706.9289684296
1138.6200359889 6773.8144057138
1166.1385978971 6770.7477637700
1204.4709645785 6829.1376554049
1224.5677965028 6783.8280882154
1237.8146733556 6703.4544263567
1193.1381523609 6319.7980225086
1240.0557597478 6427.3513158162
1199.1274714470 6084.6362113953
1816.7401118712 8846.8027114868
1853.5488486290 8847.6565361023
2015.0423169136 9432.1080207825
2012.3738527298 9240.5275344849
2058.4437370300 9275.7202148438
2166.1086797714 9582.0984840393
2099.3326067924 9119.6694374084
2489.8534615835 10625.0166363186
2690.9747388628 11091.3279851278
2723.1614324782 11035.6606377496
342.0745597945 1037.9440122181
349.6826320887 1047.8643417358
353.2644927502 1045.6243276596
358.2251179218 1047.4701690674
362.2130977696 1046.4618000491
365.9525766517 1044.7678204739
370.0897072043 1044.2354270390
374.2980306086 1043.9138788926
378.9243499438 1044.7521507740
381.8190568686 1040.8510613441
385.8328894073 1040.0537790037
386.4939111774 1030.3360142950
386.0549557777 1017.9300383916
387.0282456988 1009.4755641998
377.3269118771 973.6568530401
378.7882067854 967.0950883911
384.6962404630 971.9049220993
384.7615922254 962.0069095067
388.8047886273 962.1555019939
392.5998929947 961.6933540692
396.1589681724 960.6681437719
400.0545550906 960.4712242172
403.9689302444 960.3228436576
407.6712926229 959.6782601069
411.2035386146 958.6495321894
415.2763575789 958.8886726470
418.7750787962 957.8102297253
420.9307063194 953.7089523815
426.5089068148 957.3664059715
428.7459240073 953.5257646016
430.6033513849 948.9186917033
434.1381409812 948.0579050760
437.5974535942 947.0492118881
440.5757401671 945.0266370698
444.9224623423 945.9491031510
447.5561077633 943.2450873511
451.9775438876 944.3231026332
456.4767442052 945.5437120937
459.7951069711 944.3183721058
595.6585109234 1213.0368500948
602.4166941643 1216.5418783824
611.0022515059 1223.6484646797
616.5840937978 1224.6721074695
615.7285749912 1212.9973451296
626.1464934195 1223.5406867919
659.2937055088 1277.9731636956
674.4671861331 1296.9760762321
