210 2
-258.2127302885 785.4048833251
-264.2618575517 814.0567435938
-264.6006651827 825.6310740033
-262.7347507855 830.5389852059
-262.1070382207 839.5430833794
-256.4599292504 832.4957570514
-252.4005702218 830.4806110021
-248.5979525624 829.2662388570
-245.1556079291 829.2364719752
-242.7807658911 832.8679646764
-238.9564632493 831.5600349623
-236.2996810867 834.3361904544
-232.1614129469 831.8862188607
-229.2955686008 833.9905142784
-226.9331296640 838.0181108202
-221.9725827808 832.4275379596
-221.3260544972 843.0939343843
-218.5841958438 845.9925821849
-359.2370483610 1413.0086368985
-366.7109876871 1466.2861824036
-361.2192504936 1468.6417314741
-339.3020033836 1403.1518101692
-324.5063920816 1365.3440475464
-313.2060004605 1341.1622974608
-309.2447426170 1348.1013625860
-301.2012448162 1337.1725752950
-293.7836050987 1328.6649656296
-294.7476532148 1358.4630593010
-288.2522733315 1354.3719312419
-286.3389661438 1372.0747859854
-277.1705653932 1355.0257616573
-279.4075894814 1394.1828470964
-273.9708517727 1395.8938686471
-252.8054354091 1315.8132980267
-253.1922370195 1346.8518161774
-243.5532599688 1324.7552990913
-201.8971666694 1123.4780251980
-133.6807658275 799.1156081359
-130.5140356223 799.9858657519
-286.7649250797 1803.4966545446
-250.7284407814 1619.0181109640
-467.1788406041 3187.1156162686
-658.5775949061 4623.4424531460
-864.6694024404 6252.0082791646
-841.0076035394 6268.5881720649
-790.9908473492 6083.5274219513
-759.0821325779 6030.1429271698
-719.5023298264 5910.1153850555
-686.5107655525 5837.6585960388
-631.5908849239 5566.6440010071
-628.8164794445 5752.1010398865
-561.0929510810 5334.6491293474
-525.3610748511 5199.6116638184
-493.7217831612 5095.2699979146
-473.6825877970 5106.6715500572
-440.3261755194 4968.8602856227
-423.1815274273 5009.4480173928
-400.5283521754 4985.6509140560
-387.7199292183 5088.4713785989
-367.5776697122 5101.3275293203
-347.2012579441 5112.3035137470
-324.8813496186 5094.2302116981
-305.4852166346 5122.6756572723
-286.4540049008 5161.9422776358
-142.3792764544 3657.1635405223
-129.7102825982 3728.2548291343
-114.8355427384 3746.5889739990
-99.7053406068 3761.0136100224
-83.8363308173 3747.7510342231
21.3541981454 3228.9029757182
33.3181300334 3098.2329504830
85.8231957414 5762.1215644636
91.3620497222 4799.7290051502
105.5903035615 4556.1578188624
124.4976533384 4557.7232015544
130.9989520814 4164.4853577018
152.7059789875 4289.8942766518
156.9103255868 3948.7072944641
165.1390128095 3763.6292720663
157.2382810712 3274.5655632019
157.6256991728 3022.0509508382
168.2213003698 2987.9990000474
165.1372702585 2732.2766780853
182.6178439354 2827.7814513759
193.8910245895 2821.4494705200
261.6834318638 3591.5520668030
318.5765128583 4137.2884511948
352.4282438600 4343.3655241261
363.5375648737 4262.7599665097
386.3055439045 4319.9958403905
429.2482818876 4587.7933729263
491.5338473188 5030.8680799272
527.9409604914 5183.8176671196
559.0422258658 5274.7542717878
592.2912955284 5378.3561201657
623.1574937701 5453.5962343216
642.0797668397 5422.7014482021
658.4148593247 5372.7823495865
673.4625883400 5315.9646093845
679.3563330875 5192.7731177386
686.8568658829 5089.0451537238
676.3049423695 4861.7190718651
680.7051215853 4751.9129344395
671.4941133624 4555.9276497882
669.0338487210 4415.2032707049
612.3974919319 3933.9459339778
637.4495594125 3988.7841626217
665.4113233089 4058.5998773575
694.5655028025 4132.0701599121
835.9112024307 4853.4059365590
797.3953861939 4521.0910219895
947.2189491445 5247.3785010251
1030.5220295082 5580.8494958011
1056.0177507855 5593.5005006336
1116.1734838235 5785.2554070322
1191.6985213757 6046.9400882721
1251.2781471014 6218.6095416546
1271.1355686188 6189.9252831936
1305.4394721985 6231.3329875469
1332.1698427200 6235.6852531433
1326.8030658364 6092.4864411354
1383.9718341827 6236.4277203878
1379.4775962830 6102.3208936055
1387.9384994507 6029.3162345886
1379.8898220062 5888.4398778280
1372.0068186522 5753.1498670578
1367.8683489561 5637.9112303257
1383.7743028998 5607.7702045441
1421.9041168690 5667.2005057335
1426.8459677696 5594.5730209351
1417.1645045280 5467.8448736668
1438.0902200937 5461.3370597363
1475.3593314778 5516.1359093406
1285.7081549508 4733.7787662234
1182.6576590538 4288.9791538841
1174.9747991562 4198.0800151825
1170.9763197338 4122.8031691383
777.0076339895 2696.4005340229
783.4334423145 2680.1896095276
790.1746730010 2665.4955943425
797.5383171668 2653.2770303579
812.3796922820 2665.9296069826
831.0979476997 2690.7949277333
899.0283929385 2872.2260915316
971.8112120262 3064.2199699695
1006.9945454597 3134.2381997542
1122.7137769262 3449.9509235223
1317.1396390084 3996.5474297923
1410.0940653256 4225.5094477109
1460.6839904079 4323.4652236656
1585.5321288109 4636.1841721968
1595.0048240748 4608.0930449746
1613.3958047087 4606.1269369992
1645.5273194747 4642.9767825387
1639.9408416315 4573.7804066051
1660.1523648609 4577.2928758101
1692.1622866676 4612.8889038449
1687.8808907100 4549.8632930574
1719.7515964508 4584.6051715669
1740.3948363804 4588.9844213213
1755.4327760424 4578.6488850911
1770.1256899607 4567.6439830235
1791.4978606360 4573.9247458322
1807.2804155804 4565.9523464385
1809.9623180571 4525.3899210975
1838.0463123322 4548.5199519566
1854.3046372277 4542.2132355826
1861.5820748465 4514.2548651922
1893.5295911062 4546.0815883818
1907.5156450272 4534.5834550403
1929.0428786051 4541.0617192586
1949.2948225566 4544.4417908078
1967.2547578812 4542.4649601891
1997.9977380662 4569.7625023978
2024.4346970604 4586.7917197091
2042.7840664273 4585.3504907517
1959.5996765863 4358.1259818304
1857.5795672157 4093.5398448597
1979.6632690863 4323.1295455586
1876.0394291444 4060.1280169054
1914.8994476899 4107.4231603871
1882.4575102848 4002.2907257080
1894.6833817855 3993.1324772213
1911.9701592819 3994.7064337523
1925.4466917204 3988.3609025375
1942.1879519587 3988.8283688089
1950.6321886311 3972.3914395208
1952.6729385058 3943.2977835337
1958.4669868151 3922.2034414609
1931.3221524159 3836.0321124395
1907.9065990448 3758.6133098602
1926.6889095306 3764.9053001404
1914.9189949036 3711.8738842010
1919.0752363205 3690.3124618530
1930.9362220764 3683.7905406952
1940.1403379440 3672.3418140411
1950.2873849869 3662.8421211243
1959.2025325849 3651.1931969569
1972.9437873914 3648.6478035267
1971.8471719668 3618.9094048280
1961.7148087575 3573.1613544317
2002.9771373822 3621.0102026279
1955.5699412639 3509.0409608988
1973.5925992330 3515.2636192463
1984.6421663578 3509.0659398299
1937.4378875450 3400.7077305405
1829.9417742367 3188.8488325579
1872.6537823677 3239.9022102356
1911.6415008903 3283.8317751884
1959.6632222335 3342.5499399503
