234 2
-416.4973181837 660.0408694323
-414.3520130052 660.9781649378
-412.2512448341 661.9994412077
-409.1805079404 661.4663694419
-405.8208607492 660.4559374234
-403.5569675385 661.2271704371
-401.0845640349 661.6649656069
-398.6551690669 662.1802260005
-396.4505318611 663.0785276019
-394.3944449695 664.2395460381
-389.8678173621 661.2267941236
-390.4468752444 666.8920293450
-435.0936114788 799.7047603130
-431.8578988314 799.8444810510
-430.9617802501 804.3529912829
-425.1060336828 805.8791160583
-421.7281479102 805.8004379272
-415.2488162120 799.7473031282
-416.0347338766 807.7017851174
-417.3663854599 816.8533065102
-517.6235096795 1102.4066720690
-514.2291055785 1104.9208111233
-512.6060578558 1111.3203499052
-510.8404383063 1117.5239235163
-511.2011656165 1128.5350024700
-488.3500315249 1088.0337715149
-487.7899137078 1096.9046208323
-479.9375317313 1089.3898118626
-476.1612843722 1091.0724600156
-470.7312446374 1088.9615492943
-972.6483540403 2657.3059691323
-940.2887552015 2598.2899665833
-882.3167933868 2466.3144961382
-843.3017563529 2384.8585675402
-852.4041488403 2439.1608180069
-830.4731707747 2404.8983352940
-886.3934377829 2597.9830225309
-873.8746427827 2592.7553176880
-862.5256750319 2590.9116533067
-853.4133450853 2595.8247648345
-844.3729264869 2601.0847025447
-834.9169890086 2605.1839788755
-824.9344991313 2607.7260639932
-830.0060680934 2658.5545403617
-825.0194583620 2678.0995096479
-806.4203585897 2653.3873217446
-812.7209036439 2711.0521175243
-814.7497091975 2755.8829784393
-813.8306662440 2791.8747216463
-817.6812937385 2845.5018997192
-810.1037111547 2860.3459861543
-796.8727383349 2855.3731309043
-787.7054028213 2865.0306463242
-779.8593878746 2879.8628966014
-741.4741941861 2780.6296518871
-759.3008935452 2892.3932552338
-733.3384335041 2838.2604598999
-717.3922657967 2821.7620849609
-760.3158099311 3040.1067733765
-1554.8798186438 6658.0658980778
-1582.9203384263 6900.4797594888
-1594.5995037372 7079.1696768541
-1572.0989887531 7109.9707896893
-1542.6679849625 7110.0055988018
-1508.3152605937 7086.9167034443
-1472.6792849027 7056.7625852732
-1430.4546576280 6993.1773772606
-1407.9236709155 7025.2317281870
-1352.3731146540 6890.4022489275
-1304.9795201847 6792.2169481005
-1265.6545979636 6732.6282092503
-1278.6067326864 6954.7049999237
-1273.9839255810 7089.2174243927
-1224.1695423921 6972.6705948512
-1188.5951062044 6933.5613250732
-1171.3353494803 7001.9973913829
-1131.8408648173 6937.6191298167
-1096.6627299786 6897.0344066620
-1043.5511022806 6738.4782632192
-946.0977911949 6277.0195325216
-885.9117348989 6043.7307357788
-892.2215064367 6263.7034416199
-820.6397518516 5933.6509704590
-799.9089285731 5962.2521996498
-772.2377255559 5939.2967224121
-741.8223880231 5893.0315971375
-715.9292027354 5880.7653188705
-691.0318173468 5876.1026561260
-666.6361168027 5875.5216598511
-636.4188492298 5821.6437697411
-611.1770085990 5810.8283877373
-591.6334129870 5855.5233478546
-531.9888977443 5490.1913755080
-537.7770289779 5797.6600825787
-500.6249529474 5649.3017533246
-471.1591987049 5577.3878097534
-469.2445453256 5841.0086333752
-460.2575860918 6040.4621660709
-439.3721838792 6097.7082888285
-425.1771330833 6260.4455312093
-393.8065687815 6174.9968210856
-363.6736194293 6098.4360694885
-349.4436065356 6297.0238049825
-307.8423310071 5994.6325719357
-284.5155764371 6026.2720286846
-260.2364923805 6041.8844521046
-235.7313418761 6055.0110042095
-209.1942075640 6012.8565132618
-185.1652795449 6041.1451756954
-159.0806776658 6000.7277131081
-133.5251349956 5968.9988493919
-108.8218521327 5969.6087837219
-84.4934112392 5997.1831142902
-56.3987145091 5669.1304375144
-35.5155959725 6115.0196711222
-10.2461883177 6144.7590192159
15.1335187256 6119.5162455241
39.7413790226 6009.1722170512
64.0704840422 5957.8758239746
83.5160528620 5607.2213172913
93.6644626781 4920.6869900227
108.1415673389 4666.2433848662
122.0025776161 4466.3812319438
140.2842916548 4459.6683263779
156.9515871150 4409.1640199934
174.5506922404 4392.6337787083
192.6998233511 4391.7587598165
210.4912783418 4383.5857482184
228.4486371846 4379.8911912101
245.8103398482 4366.1597796849
263.0302906036 4351.9643147786
280.3039494015 4340.4209500267
296.0802682421 4308.4795475006
316.0339837725 4337.5023711811
330.0857340748 4286.7563421076
346.7480946671 4273.3627015894
364.3637665293 4272.4478461526
379.4145350871 4242.9349111474
395.4190145368 4226.2271176214
410.9746088152 4206.3411215077
427.1085236384 4193.7506717184
443.9033334670 4188.3795572364
459.5256512580 4172.7654000987
477.5680161041 4179.4620596844
488.0146138046 4121.5400488480
509.1819996419 4155.0156759179
525.8297712907 4150.6276752638
541.1495981009 4136.3670100336
561.8342946876 4162.7306287939
574.0221169862 4126.4437762174
593.6079517655 4143.8991090526
619.0661658411 4200.2164177273
636.9491608247 4203.4643422002
658.0361879390 4227.1217677904
677.6478394218 4240.3213459512
696.9028413296 4250.6787993691
708.4432036980 4214.6305415941
726.3443159020 4217.2468226889
745.5503862837 4227.1390997845
767.2325210138 4250.2943385731
785.1041528312 4251.7752864144
813.3657872677 4308.2249164581
832.8672512011 4316.8467174877
852.2815487602 4324.6638124639
872.1007298339 4334.1714252125
891.0766921260 4339.1895294189
912.6633757895 4356.4712351019
935.4583214630 4378.7387501110
955.9439203956 4389.5552808588
975.3578088500 4395.1389356093
997.5527822971 4412.8205559470
1035.2004936763 4496.9940639677
1056.7818369184 4509.6327009655
1093.4106849489 4584.9302382696
1105.6617611930 4557.1802911304
1129.8785152889 4578.8529941014
1152.7323382241 4594.3780626569
1174.7343301773 4606.0591459274
1198.0027496815 4622.2532272339
1221.3366270065 4638.1866693497
1238.4344696999 4630.3112983704
1256.8230986595 4627.4284839630
1267.4125969410 4596.3479757309
1282.9906486330 4584.0109416417
1289.0744038991 4538.6058943612
1330.0315022469 4615.5243158340
1350.6502389908 4620.6844091415
1367.7425622940 4613.8049364090
1405.8311104774 4676.9656658173
1418.3243095875 4654.4157505035
1431.9677412510 4636.1942529678
1449.1684198380 4629.8195362091
1474.2097318172 4648.3336925507
1489.1802310944 4635.0256443024
1521.8224346638 4676.3589620590
1559.3480050564 4731.4711809158
1565.6612455845 4691.6845321655
1595.2801287174 4721.8550682068
1598.0065703392 4672.6601839066
1587.0719015598 4585.1740837097
1608.7617933750 4592.8970813751
1604.1786849499 4526.3085842133
1608.8958203793 4487.1960639954
1616.0846446690 4455.7914984854
1654.8187544471 4511.0892747578
1593.4811391329 4295.3986745132
1590.7218832719 4240.6308901937
1606.4925758462 4235.9177940770
1597.7812503514 4167.4506789760
1599.4693731007 4127.2813897384
1616.8307818865 4127.9772206357
1642.6874273702 4150.1211367155
1675.2520109478 4188.5781915564
1692.4714684486 4188.2733583450
1667.4426853657 4084.4855070114
1490.8600559941 3615.2702967326
1491.2166463004 3580.1884068383
1055.7182455063 2509.6740579605
1016.7653398080 2393.5155911879
1004.2091628961 2341.1390007588
1007.9485387133 2327.3909468400
1018.3668847670 2329.1792388548
1023.9942433505 2320.0789546144
1033.9904356811 2320.9543692864
1040.6799528558 2314.4596249370
1049.1467684002 2312.0000827110
1078.5208806909 2355.2416953547
1115.1552712708 2413.4210766407
1111.2111738573 2383.5269858440
1098.2013774473 2334.8846047424
900.2109574966 1897.2360017972
397.2339551404 829.9465359382
400.8121646586 830.2403716814
404.2006825644 830.1396114486
