269 2
-679.1404531552 1076.2625199098
-676.9492545370 1079.8757177288
-672.4537762385 1079.8367110510
-671.8128484393 1086.0282901734
-655.3978689255 1066.6317247575
-648.6607958686 1062.8292290670
-638.0533926627 1052.5899354149
-548.9978332605 911.9046607188
-519.0902697769 868.1981387463
-521.1779501703 877.7684834268
-523.7459635735 888.2878887653
-494.4932758808 844.6056184669
-490.9483113637 844.5232038697
-417.6584102359 723.6045949599
-355.7292303396 620.7636329863
-460.8837205266 810.1163061838
-392.9398211299 695.7518106601
-430.6081784706 768.0795788765
-609.1187465936 1094.5742763579
-605.0712682984 1095.4515536626
-601.3178211270 1096.8784057733
-597.5087321166 1098.2247843887
-595.9462234468 1103.7526419668
-594.6258131196 1109.8178134245
-586.3830819726 1102.9568985105
-589.2988741398 1117.1416441600
-590.3505136569 1127.9889841874
-593.1520331651 1220.2229872346
-590.9912463218 1226.2224167112
-583.6101278426 1221.4005371881
-576.7200352654 1217.5309695895
-507.8750375717 1081.6449532433
-505.8884157075 1086.9992744355
-496.6984675044 1076.8329851211
-490.8944089261 1073.8896093671
-486.5195926220 1074.0476506097
-481.5590674915 1072.9036331177
-476.9910654378 1072.6210087065
-473.4566325233 1074.6790984320
-469.6973406133 1076.2610321953
-464.7681973283 1075.1669898866
-462.7868112118 1080.9369068297
-458.8670262269 1082.2477416387
-453.6994170575 1080.6124115747
-451.6712729893 1086.4964761431
-447.9422275982 1088.3662473588
-443.9684970984 1089.6734566916
-440.3687318166 1091.9348247468
-436.6354630107 1093.9086126903
-431.9284061591 1093.4585711313
-446.8234827963 1143.1489152423
-433.8586960848 1121.8637342636
-452.3499329453 1182.3365273683
-434.4725701958 1148.0335245530
-481.0718419877 1285.2268002250
-516.5891509231 1395.5515361414
-578.1749933958 1579.5922646156
-600.2757419711 1658.7356380794
-689.2285160720 1926.5804290771
-830.5113060134 2348.6871719360
-920.5108664253 2634.0487220071
-913.2317575541 2644.5520140908
-923.6766517162 2707.2586059570
-926.4682928721 2748.7989664078
-1475.4197427205 5061.4794322423
-1481.9408920076 5157.1018430922
-1485.0386182467 5243.4326542748
-1465.3219514423 5250.5760457781
-1434.6873164177 5218.2238101959
-1395.8050939772 5154.4256475237
-1332.2166016227 4995.9944925810
-1318.8464202379 5023.8612827502
-1209.9969863892 4683.0854415894
-1168.3613402503 4595.5858457656
-1111.3187699091 4443.5846919105
-1069.3758953185 4347.8582018898
-1035.8097282323 4283.4945808757
-1007.9844133420 4241.0428090529
-987.0029444044 4226.3913588090
-956.7338146947 4170.7230047746
-933.9685223319 4146.3211449710
-911.7297042500 4123.3864264055
-893.0869413459 4116.1502444226
-847.0875198642 3980.0954361757
-835.4344238406 4003.2222581946
-800.9731819232 3915.7812297344
-791.5853885087 3949.8382156545
-763.1110142578 3888.0851160396
-730.3698176429 3801.4622642880
-669.3834619863 3560.7739346368
-608.4711253643 3309.6471875906
-624.9199708303 3477.4328933822
-556.5031722188 3169.7515785694
-581.6803574562 3393.1794299020
-566.4548558347 3386.1484527588
-556.4265529315 3410.6168746948
-529.8282384872 3332.1489810944
-516.5186111744 3335.2936781370
-512.7640101645 3402.0053280724
-503.0818441335 3432.0475634407
-475.1988367902 3336.0601663589
-460.0071994697 3326.0906023138
-302.0056209394 2251.0484031269
-285.2968513966 2194.2241430283
-281.3478121534 2235.0249588490
-267.0417362824 2193.5266181827
-256.3467367607 2179.8124523724
-247.4843679290 2181.2495871594
-237.6701388331 2174.0884553818
-228.5216405641 2172.6930474126
-219.2887795526 2170.3482949457
-209.8657714073 2165.8408142800
-200.3132073685 2159.5342214717
-191.8217626422 2164.6124207696
-181.1455406926 2144.3260257894
-171.3299663229 2132.6615376906
-162.4387550083 2131.8608901717
-153.1336111101 2125.2234794877
-144.0779383887 2121.4501532641
-135.3590850803 2122.4682168527
-126.4395541088 2120.2624765309
-117.5211132927 2117.7472688935
-108.6344343017 2115.4449798844
-99.4179021906 2105.7523488998
-88.7185485827 2059.7696516249
-81.8175184117 2101.5702215108
-72.1322063629 2073.2916738929
-64.3559270378 2099.6566558706
-57.2276417876 2158.7002731505
-48.7973410636 2181.3965847618
-39.8583315140 2186.4969841270
-30.8119352822 2186.9731274518
-21.7837605795 2189.6771951155
-12.7164354675 2189.4958886233
-3.6704691646 2201.2233083898
5.4361334159 2198.2003790992
14.5225259584 2195.9066723668
23.6783519734 2201.8357875735
32.8923858875 2208.3764852479
42.7101077955 2243.7866528829
52.4670832404 2263.9229472091
61.4252203100 2248.7102576665
71.8362713005 2283.6907665904
80.7966746208 2269.7813220140
89.9960723955 2264.7849699346
99.3975689862 2265.3374962690
108.8326286252 2266.4937042608
117.8905387841 2260.2355305741
127.7631390386 2269.3685845631
135.9929544170 2250.0696996363
144.4252165301 2236.3802989324
153.2377462302 2229.8740035012
162.6166350075 2231.8803809938
169.7997596292 2205.1549639021
179.2860212071 2209.5411732083
188.9039969870 2215.0459403083
197.9876483480 2214.0656596138
206.9546796736 2211.9257336571
216.9181885464 2220.1661155337
222.8019830017 2187.6780475889
234.1960572771 2209.7197600773
247.5349764998 2247.7643780592
256.5855873483 2245.5224763779
265.9806063989 2246.3461364188
273.7540794270 2233.8819787616
283.4416741417 2237.3416707629
293.8804371016 2246.3240226110
302.9211851813 2244.3971293313
311.8241968609 2241.5947857357
322.9943968001 2254.7814221609
331.8326288746 2251.4053412846
340.5914810442 2247.6898545311
350.8131851753 2253.5691658656
359.5475341593 2249.8368592489
372.5610042727 2272.3930270173
378.0990337784 2249.3655573238
382.1892013604 2219.0387411551
375.2183310688 2127.4216741323
365.1549860835 2022.8759229183
341.8489663224 1851.3021469116
347.4139904692 1840.1777261779
349.3403324059 1810.6710655349
358.2297211885 1817.7362966537
365.7341206946 1817.6276393053
370.0022246779 1801.7638601908
376.7032881041 1798.1405387054
383.2649870051 1794.0053542455
390.1965096593 1791.7255560557
396.8643756474 1788.3427563836
403.5328758114 1785.0866808611
409.5567320332 1779.1473468145
408.2441204473 1742.1108013705
407.8325068951 1710.1384019852
414.4122709449 1708.0734440914
422.3040611698 1711.3947937122
439.7522923739 1752.6950965757
471.9205362101 1850.3706480066
545.5007820713 2104.7053604710
570.4077805082 2166.1986932158
580.2491568029 2169.4601352016
597.2460868458 2198.9677821596
606.2298131486 2198.5289454460
620.9722508987 2218.6784173052
628.7859342992 2213.8454889258
639.6816211442 2219.8467353980
646.2205280649 2210.7730621987
669.7508959060 2259.2701151016
682.6887752147 2271.1917288760
696.1821874847 2284.6123602079
714.8055200991 2314.2820493035
726.2590721897 2320.2607061552
731.7586319391 2307.3096885238
743.2456484863 2313.3282320840
751.4604968684 2309.1386953990
768.8107991760 2332.7738046646
781.2514781952 2341.1101553175
791.5489890359 2342.8986235098
803.7514779303 2350.2140574985
818.1788020664 2363.7821780311
831.7524316636 2374.5923313228
844.9588304474 2384.1137006169
874.1649373158 2438.0382138330
967.3871316693 2667.2336350788
977.4925269579 2664.6761768743
969.3777121996 2613.0611896515
918.6659923622 2449.0286111832
923.7229386965 2435.6255690257
930.3058915668 2426.4923069212
841.3023378538 2170.9021381710
847.6648719414 2164.1976315042
825.2228782291 2084.8609492892
813.7878075890 2034.6872391908
821.2671919567 2032.3483013525
834.7129847692 2044.6718050086
841.6779041290 2041.0320344179
847.2389539947 2034.0941470602
855.0764030880 2032.7043480343
862.1616454228 2029.5708853266
866.2785549055 2019.5777849718
877.1139911243 2025.2890825272
872.6300163703 1995.8541104288
883.4805428982 2001.7149806023
899.6661106745 2019.4422642390
949.6953849282 2112.1110618114
971.5559502443 2141.0135428111
1119.8680720678 2445.5344851424
1164.5771874034 2520.3801030698
1196.3132663471 2566.0693732704
1215.2416110039 2583.7237019288
1238.5222646925 2610.2426383230
1252.4796492524 2616.8234944344
1263.5259495841 2617.2615355915
1272.9250027074 2614.3089797762
1279.2024850845 2605.0492763519
1289.9553094591 2604.9820355007
1300.4953282220 2604.4897896903
1312.0687757220 2606.0581615993
1319.6056765669 2599.6489524841
1319.1570724760 2577.7391161237
1330.7102680206 2579.4452462878
1337.7574331620 2572.4592699724
1332.9118092855 2542.8949052637
1281.6434818156 2425.9239365073
1221.6337702491 2294.3550384406
1248.5863801205 2326.8804622419
1227.8803341529 2270.7706830081
1231.1925179250 2259.5939958418
1241.0699594312 2260.5442535586
1255.1739186775 2269.1210014064
