270 2
-1245.3983334395 1973.6352769228
-1238.4913380329 1975.6528276664
-1242.5569436129 1995.3172066632
-1243.3398938647 2009.9381956400
-1240.5678688311 2018.9706461102
-1243.7084674835 2037.8134727478
-1237.4097887351 2041.3418424373
-1253.3959249655 2081.9346035520
-1252.9673948884 2095.6354190906
-1254.3194393317 2112.5261907776
-1268.9717660348 2152.2118076682
-1258.3813940485 2149.3436892827
-1243.7204655181 2139.4325469403
-1235.8689556519 2141.1766981085
-1228.0440628529 2142.9925436775
-1215.1337836100 2135.8959597090
-1202.3069547570 2128.8431442302
-1201.4095279906 2142.9647154278
-1203.9574517144 2163.4876463148
-1205.5431312985 2182.5761291716
-1211.0067735548 2209.0268860693
-1223.3792454004 2248.5786616802
-1264.3865419157 2341.7716748787
-1245.1783895493 2324.0180730820
-1300.0077083707 2445.2487230301
-1315.5116438866 2493.8327755247
-1291.4657208227 2467.6172810216
-1248.1422622999 2403.8560854064
-1202.4535848336 2334.4779502262
-1185.5404208536 2320.2937271284
-1189.0139097863 2346.1036529947
-1244.3906973148 2475.5954413578
-1252.4821928569 2512.3873140131
-1280.3589751323 2589.8157258828
-1233.2562928398 2515.6081418196
-1183.8314533234 2435.3592859374
-912.2750346477 1892.8403854370
-900.3144353628 1884.2108746370
-897.6116451350 1894.9748711153
-904.1587168520 1925.6286079233
-896.5669182631 1926.4476574384
-898.1385881251 1947.1476945010
-929.0172240951 2032.3351513256
-928.0211068690 2048.7127006054
-934.5145503680 2082.0790767670
-923.7906535467 2077.3497104645
-978.8076650529 2221.7539151510
-966.9463959607 2215.6538313085
-1048.3595441128 2425.2123339423
-1115.7358083874 2606.0379743576
-1126.2384653091 2656.2575612749
-1141.2416977041 2718.1871287963
-1128.1349834274 2713.7317657471
-1120.8355006050 2723.2965721804
-1120.5307525747 2750.2236015656
-1102.8569511005 2734.6353803362
-1109.5441194142 2779.7556133831
-1080.6226912472 2735.6759773360
-1078.7214899764 2759.7907010247
-1075.5007772735 2781.0098763668
-1064.0489224232 2781.1740600702
-1051.7210454652 2779.0269779437
-1040.5114780773 2779.8201459827
-1029.5200203404 2781.2202699257
-1020.1665945351 2787.1272638440
-983.8345096661 2718.6195025077
-945.2058815956 2642.1065330505
-944.0478924662 2669.7687879205
-892.0588528409 2552.6330330793
-873.7818077207 2530.3122475743
-862.7640264375 2528.7261894771
-849.0439967977 2519.0837449498
-837.9032321878 2516.9491896758
-827.2154411754 2516.1386953818
-816.4750643679 2515.1455144624
-804.6350205267 2510.6953930210
-793.5086939786 2508.3849623397
-783.1309937142 2508.4111432771
-763.4941661680 2478.3819301708
-763.6309517057 2512.5961429194
-755.0444184123 2518.6565051208
-734.5994506031 2484.7755134106
-729.2860798976 2501.8415731542
-735.9176928347 2560.9675429084
-819.3522436278 2893.0010795593
-881.1122576396 3157.2221120199
-914.7536754608 3327.1288341946
-941.2830273310 3475.9677516090
-941.2089638088 3529.6623603157
-925.2875579728 3524.6836874220
-935.4494420382 3620.4963464003
-914.6323691715 3597.5784496828
-911.2509841269 3643.6179009351
-904.9246680169 3679.2339938028
-1009.6786251435 4175.4318384024
-1085.5172991753 4567.2584692637
-1011.7942616343 4332.5489064058
-978.4410051678 4265.3519381648
-988.3862273260 4387.9066597332
-938.7827840718 4245.7366639918
-926.4979823069 4270.1383720745
-904.9987305294 4252.1950331601
-884.3287094073 4237.5131303614
-866.7622154409 4237.4093099074
-849.3702601303 4238.1721409884
-831.5665640614 4236.8692051281
-809.4869824973 4213.2549069145
-790.8537956801 4206.9333683361
-762.1472672276 4145.5353653949
-681.0602545738 3789.8313907477
-686.3344841533 3909.2495794649
-652.4548497465 3806.0359778228
-651.2693017721 3893.1514391532
-639.9573454490 3922.6189209865
-646.8370681008 4068.0305659771
-655.9888666326 4235.8889579773
-636.3087892532 4221.6806411743
-619.4613548842 4225.9939583865
-594.2845886404 4172.0833128149
-582.4420668862 4211.3582004200
-574.4755566120 4281.9477428089
-557.9058419574 4290.8657030626
-532.4202017351 4229.5422770760
-515.2909945358 4232.6885353435
-488.5444817218 4154.2769562114
-467.5662064034 4120.9820042486
-451.0836134786 4126.2889944989
-433.0586946529 4117.3501429350
-416.8345241443 4125.5010936571
-402.8016173321 4156.9626849631
-390.5223880125 4210.1389843485
-375.4240857518 4236.4726273910
-357.5293525406 4232.2847532189
-350.5831076340 4363.9483885332
-335.5440836061 4403.7108421326
-321.9044100155 4467.4635150216
-306.7360832578 4516.4812178839
-287.8851464817 4514.1193299066
-269.1347116516 4513.1148156666
-250.8846996796 4520.9781782968
-232.2300367412 4522.2296714783
-213.4408212843 4520.8507265363
-194.4143949520 4513.6994861421
-176.1047776256 4523.4389532180
-157.1431692157 4516.7566708156
-136.5610992625 4455.4001944406
-117.5012655911 4432.2987965175
-95.9860639913 4290.8828144982
-79.4290800889 4357.2181747073
-63.6291886239 4516.2799985785
-43.2174131274 4344.1620100112
-24.8177932914 4273.0886285955
-7.1136776189 4266.1557414315
10.5620346201 4270.9526365454
28.3205839382 4282.2687409141
46.2478819219 4300.5627718839
64.1416842965 4306.4369938590
82.3116357389 4324.2631962425
99.4794974104 4292.4802899361
116.5938998262 4268.3754497104
130.8001809650 4158.1663025750
166.6499333722 4193.8082490649
157.6933804899 3023.3485400677
167.6503163245 2977.8570996390
181.8471031804 3008.7489235786
190.8402457353 2955.1028205502
203.4028037902 2959.8622168264
215.7563759435 2961.2124427672
227.3200322543 2952.1590048267
239.6681674065 2953.6975429904
252.1541128235 2956.7025938342
264.5200837043 2958.0876904149
275.9696720168 2949.5559409261
287.4900912866 2942.4722865224
300.1076886430 2946.7377141118
300.4268519580 2834.6299231052
322.3786726594 2927.3895174265
330.1755748689 2889.5492255688
339.4509693608 2866.8419718742
364.2236394808 2972.1297174692
377.7188062668 2981.5164953470
385.7678426430 2948.6807733774
399.2942171171 2958.4421142936
394.0556815692 2832.7281338828
403.2738677093 2815.2018785477
414.7977786405 2814.3041202000
430.1803050672 2838.9198499567
433.7489166194 2786.3354020649
452.7515602462 2833.0528140068
463.3912847323 2826.4019138673
471.2182794298 2803.3453123910
490.6157237111 2848.5768347075
506.4699742943 2871.5953901410
515.8396549523 2857.6348423958
529.9471560866 2869.9583485723
547.6327817887 2900.6939083338
554.6572618186 2874.8522698879
563.5795448766 2859.7264651096
573.7685896456 2851.5185639262
585.8794739752 2853.0002651793
599.9712781473 2863.8791604476
609.5029278235 2852.9908873818
620.5628478166 2849.5342659228
635.4748389938 2863.5647152409
653.2351933420 2889.6813988686
649.9785853155 2823.5591613885
656.0919068076 2799.7580875050
697.5667756051 2925.0628799200
683.2649328492 2816.1971785805
697.3177682270 2825.8927446423
707.1994416641 2818.6435771711
717.1753861687 2811.9994293560
728.1163172288 2809.2907486540
739.5350102222 2808.4816137950
751.0369401990 2808.0086924813
761.1114671736 2802.2948250626
774.0240404100 2807.0447661660
788.5486339078 2817.4138647137
521.8068422640 1837.1907577795
418.1063292605 1450.9279944680
405.8760883230 1388.5351491697
393.5041035476 1327.4070651908
395.1956439018 1314.7500085831
401.3675256209 1317.1397274191
403.6496195753 1306.8716425007
408.9242489565 1306.4357988418
414.3049362160 1306.3457750139
419.1422736834 1304.5668866899
424.1378983808 1303.3196509831
429.2297065258 1302.3956238277
433.5181802984 1299.0872121993
439.1491976049 1299.8336875249
444.1616099978 1298.7532502129
448.9650655360 1297.0949770912
452.6824610574 1292.3753015579
458.9245404516 1294.8894443966
463.6897250773 1293.2265069750
467.8833120399 1290.0255445450
472.6932450892 1288.5770230066
477.2761672262 1286.5489040102
482.0661752943 1285.1176224058
486.9694530018 1284.0162421030
490.5723602999 1279.5469363530
493.4607356314 1273.3293525756
496.5865299815 1267.8493772234
497.5986589515 1257.1440386394
497.6783167748 1244.3289283722
496.4672498039 1228.5823294374
499.9462546872 1224.6437190009
500.8372434399 1214.5083661665
494.6326834184 1187.5391723933
470.6835096081 1118.9180334409
469.4505595324 1105.1096916199
452.6905897310 1055.3693730952
434.7913984268 1003.9496308281
431.3162087448 986.4939375529
431.6591530565 978.0165524710
435.3737376985 977.2649180321
438.9286405510 976.1720015889
441.0358681565 971.9087793714
444.0994920239 969.8112124488
447.4488156182 968.3695444985
450.7352880069 966.8186798928
453.8114562867 964.8479951753
455.8822782267 960.7928802097
458.9578901965 958.9072333442
461.0170662403 954.9485057592
466.1031509439 957.2737177213
568.9694508910 1158.6855202913
571.3783928326 1153.8620165416
