261 2
-589.9995714426 1022.1903771162
-852.4162081572 1487.5049040868
-846.2174855746 1487.4350015934
-1034.6362942999 1831.9601064379
-1063.2771301270 1896.5767049789
-1046.1794986175 1879.9637808250
-995.2263129609 1801.8079698086
-972.8474903990 1774.5947594996
-909.5540028630 1671.7659126629
-885.6898007854 1640.3870313398
-857.5354874134 1600.5160371463
-838.9225170530 1577.9708048393
-795.2501702309 1507.5662326813
-648.5149730807 1239.1244121220
-629.0171068648 1211.4537436029
-661.5766859972 1284.4039981182
-672.4815920547 1316.1549082509
-675.7093805533 1333.2764735589
-667.0428365469 1327.0174477782
-662.7396728311 1329.4071384839
-674.9994350331 1365.3390790735
-680.5647148026 1388.2224957148
-668.6559397241 1375.5484093790
-706.7357646792 1466.3758026926
-724.8284250498 1516.9473528862
-730.4303407669 1542.0334398746
-744.0646941012 1584.6690156243
-719.9194175856 1546.8863362358
-691.9421106577 1500.1175478101
-661.1087276385 1446.2536023213
-664.4054464996 1466.7510166764
-622.0861077309 1385.9949906667
-644.2504088084 1448.7410227458
-637.0152533054 1445.9338954517
-642.4302458763 1472.0599253972
-639.2691639753 1478.8471093545
-662.7524793148 1547.9992091656
-659.6822792834 1555.8748245239
-671.1664536725 1598.5711553822
-671.0943890655 1614.3193555915
-661.1788613456 1606.4677976427
-656.0104332472 1610.1078861638
-613.3125364780 1520.7649707794
-643.0456688007 1611.0308567683
-659.9206099143 1670.6376350843
-517.1404282252 1323.0471014977
-572.9341832074 1699.8755823482
-559.7457289696 1681.4012593693
-533.9430050647 1624.0928147702
-537.1084657370 1654.5587497599
-519.4633102417 1620.8766722679
-507.2356696222 1603.4384475035
-504.1758324586 1614.9025804856
-492.9089224339 1600.0339150429
-487.6422344470 1604.5027994642
-482.0721668005 1608.0831289291
-474.5003312826 1604.9927783012
-469.7534292936 1611.5056824684
-463.4605318308 1612.8262543678
-457.4807530642 1615.2910184860
-448.8340154582 1608.2725735272
-443.2926459445 1612.3375738109
-439.5649731159 1623.2244835960
-430.5050741542 1614.4529104233
-430.0634844436 1638.2342179616
-425.1423117060 1645.4402918999
-417.9059146689 1643.7744314854
-411.5336321148 1645.5085768419
-401.3710549722 1631.8905676405
-393.8079108583 1628.5559116526
-389.4558458225 1638.6155356532
-373.7509667873 1600.4185855389
-371.7612769715 1620.6318916276
-366.1113083363 1625.3385682439
-363.1336920791 1642.3075013691
-357.6703200286 1648.4674594619
-351.5525149262 1651.7922074898
-344.6126081049 1651.3095617294
-339.3273130059 1658.8964089751
-338.9084438483 1691.0790950060
-333.4173727036 1698.7765812874
-328.1291127205 1707.8614307910
-320.7360059023 1706.1497592926
-314.9186695109 1712.9320782058
-306.6999683423 1706.6642067262
-299.6545668159 1706.7836842367
-292.4146375486 1705.7741731405
-278.7810516985 1666.4947375917
-270.5509437804 1658.3421815906
-264.2014739769 1661.5925920861
-254.3731347511 1642.5528233511
-248.3288847041 1647.5730988017
-239.5162880421 1633.9911996273
-232.3942184448 1631.4877815414
-226.3844190982 1636.8767566848
-219.2249538606 1634.0291625575
-212.4041823442 1633.6050911954
-205.2967213748 1630.8756460223
-199.1921451531 1636.1984328220
-192.2478390890 1634.7554922104
-184.5922151156 1626.9379164043
-178.8907409237 1636.4037216755
-170.5872377283 1621.8757378428
-165.3613999747 1636.6173698191
-158.9667946100 1640.5570166452
-149.1817490508 1608.2967792948
-143.8759583653 1623.5680935676
-136.2132917751 1612.4366467649
-127.8877992715 1591.9071435928
-122.3602497152 1605.8669601168
-118.2397224009 1640.9580826759
-124.3380121887 1949.6547232072
-119.7546680386 2008.1637685116
-117.9023934528 2124.6180484692
-113.1733225092 2203.8310558900
-110.6424254294 2343.4968682436
-104.0478130946 2415.6676439139
-94.3935635415 2424.5994199406
-88.8639217929 2554.2103930524
-77.2949570621 2521.8014229428
-64.3732479640 2428.2416752407
-54.2318668837 2424.3371850914
-44.2090785966 2425.1646748905
-32.6082764400 2314.4740263621
-22.9918774114 2311.1156622569
-13.5271979230 2329.0917055947
-3.8584155232 2313.9369358888
5.7592785840 2328.8700977961
15.4204685744 2331.6818056880
25.1324205218 2337.0487439005
35.3235856287 2371.6058982046
45.7164660880 2401.7264717504
57.4474000328 2478.8206248056
69.5497876915 2546.1418001275
80.1508014924 2548.0115099957
93.6082642939 2629.6911040942
106.5443962812 2681.2297889165
121.4027298671 2766.8499874346
133.2806728103 2775.6364417799
143.3789556225 2748.9077409108
154.0655370416 2736.5599911788
166.0308162371 2747.0607757568
174.1899122794 2697.2775022189
186.7935390722 2718.1687970315
197.8280201554 2715.1494809559
202.5950923562 2631.0612967140
214.6836425129 2645.7854666208
225.8748931659 2648.5583492228
239.3403666360 2676.5068088259
260.1257384970 2780.2164829694
246.4877963066 2522.8121961866
243.6461076140 2392.3451662064
255.1803746157 2407.7139960395
256.0107667859 2324.7296076555
262.5341766021 2297.5818760255
271.3293292943 2291.5189546697
280.3480458610 2287.6899312524
287.0857063177 2266.1057678429
293.8258575427 2245.9068169465
303.7450965997 2250.5016326904
308.6796326297 2218.9896038600
312.8583123607 2184.0227573149
319.8447509816 2170.0704035006
328.3406913280 2166.8423354626
336.6371487699 2162.5045159968
341.8029898252 2138.8019292783
346.6005524000 2114.0502293905
345.1628649519 2053.4235182263
350.1288214835 2032.8921225013
352.2112183273 1996.9754219055
358.7538103263 1987.4148307702
366.5425976117 1985.0318370721
370.0040805907 1959.8326058615
371.3194700175 1924.5914581210
374.6413581751 1901.0125371543
375.7339167324 1867.3246665434
377.1766306356 1836.7003701454
385.2798696174 1839.0796628109
387.8151767633 1815.3041113507
395.4415917397 1815.8102143895
402.6435478167 1814.3847584724
407.8692548805 1804.2692952686
416.8793206865 1810.9572611072
424.1302805868 1809.9022345109
427.4357405115 1792.3393883604
437.8280199387 1804.5855896039
441.8093439030 1790.4403080111
450.5766389218 1795.8370497886
455.2315898240 1784.9343448877
473.2986871492 1826.1280466210
484.1006703320 1838.4360415595
495.2969551086 1851.8372297287
509.6007693898 1876.2712695382
527.1566330000 1911.7652787719
539.4635527599 1927.4551112477
553.2041573247 1947.7352569270
560.3969040371 1944.7099765142
571.4870940807 1955.1039268804
574.2819730828 1937.2249143880
581.7780846205 1935.4786658898
585.7671892389 1922.2711831965
590.6482810775 1912.3057747881
595.7372983297 1903.2682528098
602.8194865402 1900.7513888028
606.9715935357 1889.1795995284
610.7179072438 1876.6553207320
620.4504127405 1882.6094135946
623.0654537678 1867.0874881744
632.4308125340 1871.9261763047
637.3216319084 1863.5639095306
648.8258522384 1874.5083468301
652.3546302319 1862.4247574806
660.3462898731 1863.2158160210
668.1397581100 1863.4358239174
675.6840848923 1862.9639458656
683.8465535641 1864.1877675056
692.0340502262 1865.4517173767
698.6594808102 1862.5235724449
708.3171904087 1867.6546907425
713.9694058895 1862.2275638580
724.8627293110 1870.4405808449
712.3490116175 1818.7187910080
741.8589251382 1874.2484754446
747.8530597687 1869.8327159882
752.2436599342 1861.5392568160
771.2318996588 1889.1716723641
815.3718224792 1977.2409561069
847.8331707773 2035.5207948458
833.8915522282 1982.3433206632
845.1749372482 1989.5833539963
866.8652006558 2020.9454570498
876.0934262662 2022.9325358932
882.7990955777 2019.1125339932
886.1988461935 2007.8738897275
886.2367577669 1989.2979773079
889.0205391429 1977.1709577604
901.0771605704 1985.6997330983
903.9767940839 1974.0775187810
910.6139164904 1970.7523143810
918.4863820989 1970.1359449549
927.8791231268 1972.7626781838
929.5074356639 1958.9796662331
928.9467477280 1940.8616449522
938.2140212589 1943.4119727876
959.7461314305 1971.1082111234
970.4989157617 1976.3857026895
975.9103035927 1970.7882809639
979.8289646908 1962.2942501185
995.0327997406 1976.3547653953
1008.8007056967 1987.3571066146
997.6411448284 1949.4711214846
1013.6983938839 1964.9502635002
1027.7804528795 1976.3847240588
1044.1115016029 1991.9290854817
1058.6076549121 2003.7566735631
1073.3328920144 2015.8305382117
1088.3572180020 2028.2755211780
1103.5288059049 2040.8021741443
1100.4420618216 2019.6291903655
1091.8325583140 1988.7160914285
1087.5747613609 1966.1329165101
