272 2
-6792.2452820672 10907.0926242405
-6700.1747025384 10904.2449527317
-6572.7309121026 10769.4048351712
-6924.6990680695 11423.6028194427
-6831.3779234886 11347.1583127975
-6907.4647426605 11552.9964764913
-648.0909075056 1139.1789061683
-642.5045132637 1137.6390206186
-636.9163429036 1136.0732387094
-630.7077125499 1133.3692324789
-627.0087480545 1135.1682841778
-621.5008229017 1133.6947321892
-616.2134498358 1132.6041340828
-611.2973519734 1132.1844941094
-606.1605356988 1131.3463619777
-601.3653224165 1131.1377124353
-595.2126085758 1128.3523639043
-590.7331314580 1128.7200492004
-584.2109647664 1125.1594586806
-575.2086726631 1116.7266339791
-567.4758307518 1110.6416724977
-568.2188925289 1121.1815202047
-561.7635183864 1117.5744192941
-555.1069057177 1113.5037229175
-550.4110559585 1113.3308978308
-544.9875583724 1111.6709292881
-540.0476048863 1110.9773904558
-535.6178453990 1111.3305413534
-531.0569405556 1111.4153067271
-526.1611465424 1110.7946028785
-521.0552016894 1109.7153595516
-516.4608548558 1109.7161921244
-509.6282523776 1104.8645235243
-504.1456969958 1102.8783983654
-501.4777509939 1107.0694866635
-495.9655394630 1105.0009424724
-493.5472025758 1109.8511692077
-496.0037034655 1125.8577373293
-492.8206363993 1129.2455696291
-490.7596649662 1135.2940817033
-487.8478896996 1139.4723634871
-486.4312117062 1147.2584690366
-481.5281539682 1146.8943395312
-477.9130229874 1149.6210722696
-473.6198574778 1150.7552408037
-469.9859950278 1153.5306563453
-466.2509418669 1156.1121448638
-462.7335137791 1159.2924121826
-459.8177841731 1164.0625983950
-456.2605463323 1167.2926119396
-451.8747552047 1168.4493280592
-447.5000969001 1169.6601897951
-443.0140708723 1170.6032579945
-439.9497052354 1175.3652845660
-435.6417826942 1176.8744167734
-431.8152916810 1179.7329755056
-427.4765191570 1181.2413438918
-422.6808950305 1181.5076291561
-418.9216745278 1184.7110816411
-414.3764376640 1185.7412712915
-410.2101089462 1187.8934020088
-405.8980042972 1189.6705003012
-401.7192995737 1191.8870551246
-397.2399196928 1193.2555626309
-392.1915288009 1192.9277919588
-387.8853581254 1194.8780294449
-383.8771557997 1197.8084340928
-379.2553175063 1198.8757640596
-375.5963335908 1203.0554763854
-370.9327720460 1204.0865837582
-367.3792072272 1208.7980225935
-363.4537641417 1212.3991167336
-359.5988384464 1216.3395944395
-354.7251889748 1216.8972641230
-350.0466845159 1218.1500710290
-345.5711219270 1220.1560877137
-341.0772153160 1222.1558784184
-336.9029328741 1225.3784475655
-332.7896729404 1228.9249312644
-328.7151455879 1232.7267473394
-324.8665687339 1237.5092485855
-320.8632739085 1241.8461813117
-319.3044437651 1255.9393477022
-315.6160996074 1261.9843445127
-309.5300050955 1258.4841137841
-307.3082627758 1270.8446790302
-302.2034035789 1271.5053520505
-295.2067743218 1264.0888066519
-288.7901455637 1258.9329424359
-283.5355623374 1258.7463836821
-278.0724844289 1257.6099104351
-270.7120260549 1247.6851977999
-264.4134405113 1242.3636383480
-258.4255134302 1238.3195464573
-250.0785676733 1222.5789739972
-244.3924747289 1219.4650740851
-237.6877114413 1211.0296393198
-231.2483510801 1203.6120096842
-226.6527019323 1205.6752235170
-220.4703277066 1199.2007134453
-215.8480783304 1201.1093241828
-211.8303118244 1206.5510182154
-207.1333175141 1208.2933414550
-202.4717345124 1210.3336179067
-194.9659900533 1195.0441428593
-194.5494075143 1223.5429514022
-188.2448896766 1215.5457329750
-186.5044812549 1237.3903539945
-188.6881916296 1287.2395685741
-185.4893673980 1302.1994772412
-182.9146709173 1322.5679339901
-177.3893378418 1322.2005305619
-171.7534192627 1320.9592065504
-164.1079144818 1303.6720752716
-156.1362260292 1282.5297463325
-149.1134281744 1267.9674102549
-140.6911583442 1240.0077581406
-133.0128275686 1216.7353391647
-127.8771898993 1215.8055486886
-123.4434704917 1221.7466110984
-119.2378649631 1230.5495555584
-114.0370287423 1229.4090221513
-109.9036876428 1240.2080337880
-104.2921112643 1234.5668960501
-98.5618575531 1226.8670376609
-93.9966880207 1233.6210214867
-88.9239639596 1234.1072360675
-83.2687924802 1226.0766124725
-77.4836527805 1214.9652863542
-71.0195027800 1190.9247040749
-65.8368948339 1186.3902671771
-59.7597057390 1163.7044091557
-50.2205956432 1063.7132052391
-41.6716762360 967.4871261158
-37.7764027904 970.3272079880
-32.1791206877 924.9225345350
-28.1516183473 918.4660100546
-23.8363957333 899.1394812061
-20.0345402198 895.6077643510
-14.9172121310 818.3092077573
-11.2795062984 800.5981110690
-7.9582385933 799.9524943164
-4.6440086564 799.5981318610
-1.3317333143 798.6560520672
1.9764032599 799.1949613132
5.2647426991 796.0656200136
8.5930859759 799.0659068501
11.8847933502 797.9384126334
15.1866089553 797.8324604034
18.5146859059 798.8975254389
21.8603068590 800.2819800377
25.2046890091 801.2625724077
28.5338923180 801.5886520346
31.8118673749 800.5575984716
35.1548609747 801.2029474432
47.1380476070 981.6733469134
83.1431053006 1594.0464987205
88.8442932628 1578.0800059438
143.0471385829 2366.7847067118
217.9530872142 3171.5940201984
226.4188175852 3107.5523459550
230.4368634309 2992.6367674555
201.5772078966 2484.2602846234
167.6074971670 1965.3279575808
163.5423424686 1828.8690550574
119.5837496940 1278.1077006768
125.0963195181 1280.3657172156
130.2542945459 1278.9583868451
136.2355616358 1285.4290368065
142.2500785381 1291.7150760454
146.6373209915 1283.3043762616
153.7861967134 1298.8053181815
158.7846684119 1295.7111395174
165.9346085692 1309.8017961260
171.0793523779 1307.6735033143
178.3563939103 1321.4743566095
183.8462256616 1321.6060630737
184.3212198238 1286.7222039067
187.9160819100 1274.9658390587
199.2622526983 1315.0057047606
204.4847898426 1313.5783893447
209.7335726984 1312.3892603382
214.5756098532 1308.7792819546
220.0044922290 1308.8383722690
226.2652521251 1313.7246155348
231.9170931133 1314.9289640330
237.0856081025 1313.4005817316
242.1654863604 1311.4607056667
239.2536630022 1267.2755718231
249.2049512538 1291.6578943079
243.2517274851 1234.3127015160
256.7859023809 1276.1761256627
274.0469140851 1334.4996195772
287.3451321696 1371.6018858055
299.5881324119 1402.3266865852
307.7383204451 1413.0895688849
318.1045690068 1433.4367955173
333.2137289643 1474.0196394920
342.8570076506 1489.3983754706
342.1389740705 1460.0185871124
341.6137886497 1432.4676090816
348.4983659453 1436.3976275479
353.9017823609 1434.1933402148
360.4444515492 1436.6024519716
367.7550104531 1441.9441895051
374.9626381831 1446.7181054029
382.0038989738 1450.7101156093
386.8542212360 1446.3869445729
393.6792943213 1449.4663189959
399.6028705077 1449.1838628596
410.4702995633 1466.5737422007
426.2845248592 1500.8733807778
442.7614719310 1536.4871709905
448.9202611148 1535.7927729686
466.2479049630 1572.7936691708
489.4761869853 1628.4056631002
497.3957145756 1632.2687214071
499.3546022610 1616.7298040607
562.4779848491 1797.0110072809
569.0558024815 1794.2910432816
574.2523670197 1787.3420748446
581.2781775320 1786.1909286396
588.6866659731 1786.2299004117
596.5496334765 1787.6297599739
600.6557294301 1777.8754166194
605.5451780558 1770.6478204992
612.4160869701 1769.3176881687
619.1893267004 1767.7401994404
630.2644842201 1778.3377203676
634.7769945860 1770.3873713811
654.5660032166 1804.7382036845
398.0443149805 1027.1162033081
410.9458663771 1049.1977314795
416.8153751281 1053.0513986464
421.9912220450 1055.0909392974
427.7405233706 1058.5077839383
432.8566638001 1060.3043593858
501.9172504544 1217.1273359231
519.9030861259 1248.2096379002
521.6288829551 1240.0263898513
562.6040010951 1324.3974724481
554.5302467502 1292.7908353184
512.7568397973 1183.9747686644
498.9311933517 1141.1409711838
511.1199243272 1158.0520056664
510.2220356464 1145.2737116814
503.7782097735 1120.3966605954
509.7785245728 1123.3966833836
523.2129258078 1142.5767814791
522.1510529518 1130.0402842462
516.8421289016 1108.6166028319
522.9954902942 1111.9400675480
528.2202590914 1113.2485165316
558.0605829463 1165.9639021930
585.9220590856 1213.6761082543
656.1012640595 1347.4882096052
752.1553777513 1531.7370040076
776.5560348829 1568.2051314248
828.2463756891 1658.7212085724
833.7033490340 1655.9188604355
838.4892725282 1651.8402430746
848.2623736967 1657.5729711489
854.5914123888 1656.5377245779
857.8790565755 1649.6704918273
867.6270487461 1655.2365840750
876.9697811868 1659.9483834373
881.5064999190 1655.5607075041
888.9126625172 1656.5882466560
896.2498757897 1657.4725465077
908.8009638446 1667.9123923892
924.6470686935 1684.1964664913
945.5582120202 1709.3933956190
