66 2
-535.6041344385 848.7944707038
-529.7651394965 845.0862415253
-524.7797835164 842.6995102952
-475.0500023365 783.6849604334
-474.4433760643 788.0671024323
-472.1320697239 789.6587763514
-465.0556913444 783.2473005567
-462.7207020919 801.6762435436
-462.1527716517 806.4775367578
-460.7693105936 809.9152098099
-457.8544291166 810.6917005319
-454.6418162909 810.9485994686
-451.9877515056 812.2130090540
-450.7012218237 815.9722387791
-440.0450848043 802.6969283819
188.0294755101 1645.5499976873
195.4151449295 1650.3836925213
202.7506291866 1654.4811964035
208.9022705331 1648.9662230015
220.4879401695 1685.3362662452
227.0568013191 1682.3043880009
233.3223166920 1677.2723254703
237.5308222630 1658.1714644152
245.4056491454 1665.0188763936
325.1242559207 2145.6158600355
406.2398705970 2609.6215464852
419.3075526328 2623.7798531850
468.6930162065 2858.7391656988
697.9022877557 4151.9210338593
809.8674217860 4702.1924654643
814.0944937865 4509.8989804586
520.4497218132 1201.7379151450
527.9085182008 1207.4170699195
516.8385803699 1171.0088419914
519.5884094006 1166.2979969164
516.4060110138 1148.4807162058
514.9806354727 1134.8605411393
520.7234285772 1137.1402665973
524.2512659593 1134.5855322751
527.9646570032 1132.4742165479
690.1863291860 1467.4043158690
707.7886822977 1491.6972016033
739.7620197265 1545.5953036585
1036.3653500875 2146.7221577962
1037.7945791591 2131.4026008953
1048.6328999201 2135.5026298099
1055.2028587886 2130.9145518712
1117.2591894865 2201.0224759579
1076.1184162564 2102.8220653534
874.3893191928 1694.9139209021
893.5218105714 1718.2102153699
899.6889534451 1716.4034786678
926.5786075592 1753.8491106033
929.4678889788 1745.6371417412
1056.1986224992 1968.3443648475
1123.9985990524 2078.6578464508
1175.3848453363 2157.1708480517
1281.3907512303 2333.9864919926
1364.5228296518 2466.8034911156
1762.9538557746 3163.4139797904
1899.2515802383 3382.8511238098
1969.1885908445 3481.7423025767
1978.3118565877 3472.4521636963
1904.3541669846 3294.7474956512
1964.9173974991 3375.3494739532
2013.7012871829 3434.7212531350
