248 2
-1715.7137244940 2718.9639359713
-1697.0684607824 2707.1792761485
-1681.0315529505 2699.4265397390
-1694.4928357476 2739.2556792811
-1705.3118630459 2775.3214334187
-1747.9065277360 2863.9408349991
-1788.2076899211 2949.9873399734
-1759.3578650401 2922.3551199986
-1727.8712262278 2889.9300513060
-1770.1700440160 2981.3223414951
-1823.1257647276 3092.0725613832
-1817.2463756619 3103.8975860133
-1792.7866405056 3083.9293541447
-1870.2541425310 3240.2663477536
-1848.9590627807 3226.5173281942
-1831.1668469988 3218.7253935584
-1780.4838418961 3152.5816177500
-1767.9041829602 3153.4262032344
-1761.9919859130 3166.2645997672
-1744.5076580705 3158.3447045293
-1729.3090285926 3154.4746201614
-1712.4012585344 3147.4041445502
-1697.1947612434 3143.3762517469
-1689.4825614732 3153.2734920239
-1643.9299136400 3092.1489521861
-1618.7936428821 3068.7684868321
-1573.1002875737 3005.7394095830
-1588.5956088702 3059.5512787501
-1604.8655907313 3115.7322146676
-1537.4748472011 3009.0861139875
-1549.4547992042 3057.3078682928
-1562.8985780658 3109.2361789761
-1524.7383912404 3058.5132765047
-1563.0999859422 3161.7233566940
-1548.3494804751 3158.3383237162
-1543.7584480932 3175.7954128327
-1579.2760561252 3276.7722442232
-1571.2253238474 3288.3176122393
-1546.3513670297 3264.5488278619
-1539.0052425450 3277.6905832620
-1513.1455002160 3251.2862846769
-1500.6577023144 3253.3979333680
-1480.1377633522 3237.9765428346
-1470.7407170329 3246.8283423062
-1449.9872347404 3230.5415992079
-1428.7880289144 3212.9491526505
-1424.4132247464 3233.2151264980
-1405.6034252561 3220.7893503123
-1374.7391824065 3180.2395130026
-1373.9022550912 3209.0404938007
-1324.6272722880 3124.1618712743
-1365.7687820237 3252.9613807284
-1317.1387831370 3168.3809280396
-1380.4677724838 3354.1256529944
-1442.3835873604 3540.1771664619
-1541.8833602558 3823.2417973605
-1564.1924205579 3918.7920595470
-1531.7558765411 3877.7528405190
-1551.5179804393 3969.3887687865
-1555.0715469179 4021.0750330062
-1542.5628586249 4031.8971222097
-1593.1170962074 4209.5909985629
-1675.7972565564 4477.0434444601
-1622.5542708447 4383.2862000716
-1720.8053187320 4701.2943217629
-1611.7554342046 4453.7467956543
-1669.6700558943 4667.1801174388
-1649.3206585155 4664.2810877632
-1741.5237489500 4983.3833292911
-1757.3018019850 5088.8243588534
-1733.8544997302 5081.8568793210
-1688.5641542348 5009.9105618217
-1596.9435626810 4797.0047430559
-1525.0765572895 4638.8207565654
-1453.7193450061 4478.1719121066
-1374.1640882059 4287.7918806943
-1386.1057985397 4381.6620962960
-1369.5170440172 4386.6374618129
-1320.5538066951 4286.6558161649
-1304.9811612476 4293.8158837232
-1244.0120655557 4149.7413386469
-1121.8785941601 3794.7435379028
-1133.2271202751 3887.5755849092
-1196.5297408726 4163.8811360235
-1189.0586452051 4198.3749432997
-883.1884511586 3164.6615677866
-572.9198198894 2083.8156609700
-475.0104093993 1754.1173166699
-465.8292053001 1746.9232422965
-457.0365733114 1740.9824050706
-449.0411619345 1737.9366755486
-441.7985466219 1737.7527644557
-421.0115176710 1683.4057054736
-411.3416826496 1672.4290503905
-398.2700920767 1647.0088473073
-385.8509372990 1623.4480367517
-390.5475548534 1672.3423447720
-379.7225843776 1655.3378917954
-351.3630247778 1559.8640441895
-328.4541228238 1485.4657649994
-324.4270450539 1495.2524966664
-315.9033671021 1484.2923998833
-319.2383619872 1529.7216339545
-310.4674547911 1517.8069174290
-302.1070119880 1507.4480147589
-297.7981507778 1517.2950685024
-292.2784402966 1521.2642192841
-284.1786429286 1511.6834938526
-278.9520800114 1517.2995626926
-270.8100557327 1506.9510161877
-261.9620691985 1492.0933693647
-250.6834206482 1462.3389045397
-244.8715823037 1463.7910468238
-78.7619235260 1093.0760928563
-73.3805432916 1080.4788380861
-68.0733663695 1067.4093677884
-64.6846002293 1084.6948283059
-59.2443675749 1067.5919850667
-54.9305852443 1069.6666656979
-50.4514314826 1068.6024976155
-46.0498578965 1069.1349203624
-41.7605927066 1072.6653753765
-37.2886904885 1071.7865890927
-32.8585286107 1072.0322113188
-28.3950604498 1071.0981800443
-23.9563421420 1070.9247967554
-19.5691642705 1073.4999960866
-14.6961385244 1043.1042414791
-9.6727159130 972.2896907844
-5.6356919093 970.3445858875
-1.6159093310 969.0797366793
2.3974378423 969.4480328333
6.4131737288 969.7163559142
10.4276424215 969.6602357758
14.4453049889 969.8497416481
18.4455637539 969.0425055368
22.4385446913 968.2096460509
26.4663733542 968.9050411421
30.1709767313 959.1419469743
34.3454461840 964.8497975062
38.2128803148 961.6414980283
41.8610698817 954.0419578552
44.4061478431 924.7801574794
46.9947825186 900.9991809726
50.3512199968 894.3540513515
53.7719912827 889.6838068962
57.2883457773 887.0924976137
61.2160869771 890.7998402913
65.2389569829 895.3914393981
68.6551824212 891.6109005610
72.3744089405 891.9503887494
76.4791597338 896.7774896061
80.1486628396 896.2902597019
85.4232000808 913.0007227262
89.6566957235 917.6398004804
93.0781594167 913.9283597469
97.0952449874 916.1267930811
100.7207977501 914.6045663140
104.4476519028 914.0792330106
109.2148151781 922.3765688283
113.4535250339 925.8009466258
116.4886958897 919.5013999939
121.2810531259 927.0319104195
125.5046818405 929.8865944147
129.1669557492 928.5359779994
139.5106054842 946.5462118387
143.3365825150 945.9314147631
147.1665696456 945.3750757071
152.6091974229 954.9385383725
155.9826359153 951.3981416821
159.6152950078 949.5743513107
164.4514269299 954.8257523113
168.1925670968 953.6221755875
174.0536625896 964.2178756850
147.2690850496 676.2382047517
151.4615735837 682.5132795743
155.6433447533 688.5111000803
160.7281314699 698.2159206742
165.1586002924 704.7856097872
168.7230492632 707.4957489967
170.8904371730 704.3551462037
173.2845368885 702.2386981595
176.1683243513 702.1438217163
176.8153634141 693.2818784433
187.9243173382 671.4368245818
191.9468624724 675.8113933934
194.6011543274 675.3121058146
197.3151434213 675.0311776996
200.4768829793 676.2684993446
203.2995118814 676.3435777496
209.1610749563 686.3892634710
214.4289361313 694.2434459925
217.9782960345 696.3995274375
221.3686406612 697.9979202151
224.6249993058 699.1381049156
227.1459518295 697.9894575320
231.5688899585 702.6408016682
235.4931098719 705.6822578112
239.7956285212 709.7688847118
242.9132089019 710.2917432785
295.1911538839 823.2854902744
299.5442358347 825.8890693004
304.1046791606 828.9991815885
308.7863303148 832.3665398818
312.2330073799 832.3673350470
317.1235216515 836.1751437187
320.6703227300 836.3959284929
323.5159397125 834.8026752472
327.5582678616 836.2984433770
329.7622166574 833.1184089184
331.3060961664 828.3538520336
333.3150380188 824.8378303316
336.4392548800 824.1250276566
339.8891290029 824.2162333594
338.2661214897 812.1264066015
342.9526452507 815.2737276895
342.6036834717 806.5058986346
346.5959992674 808.0282873578
351.2093027433 810.9554449717
356.4611872037 807.6394067870
362.5850863755 813.8793259859
1732.4369464602 3412.9347120013
1600.1228213310 3126.7688512802
1642.1058828180 3183.0537535928
1711.9188149770 3291.9581572215
1832.2616577148 3495.5417633057
1832.9046964645 3469.3637556500
1864.9024313146 3502.4802684784
1897.8695402975 3536.8923207988
2022.3983785380 3740.1063131249
1992.8492844105 3657.4542999268
2192.8513050079 3994.1643827102
2194.1910291973 3966.6893231241
2978.9550304413 5345.3853428364
4227.0605997606 7529.0272452615
4658.9462106878 8237.5301014293
5133.1170688976 9009.9564465609
5353.5009730946 9328.9883353493
5715.6448364258 9888.7100219727
5570.1569981045 9568.4564378526
5469.8681831360 9329.8211627536
5489.4542164273 9297.5665198432
5635.2337360382 9478.0082702637
5487.8230776106 9166.2424632481
5616.6920661926 9317.0565196446
5467.4502781459 9007.6248986380
5950.1656426324 9736.4820904202
6658.5483551025 10822.3126275199
