284 2
-965.3180970086 1529.7803084056
-956.8264796620 1526.3384599534
-950.0445051799 1525.5962004737
-941.4154461452 1521.8580734162
-935.5362360440 1522.5448229956
-927.6789388959 1519.9998181964
-922.5523746203 1521.9248930613
-914.9893011366 1519.8293280980
-911.4959637324 1524.5115208247
-901.6508460045 1518.5613575436
-908.5097804902 1540.8581306064
-935.4393631220 1597.7514173303
-957.5533771515 1647.1714448929
-963.8051919217 1669.8187972015
-947.2740084406 1653.0360759251
-951.8690544461 1673.1435930918
-951.8196563872 1685.3223263271
-947.9689229102 1690.9004714754
-939.2700687287 1687.8496503073
-928.5398596717 1681.0754422219
-914.1420629518 1667.5087583476
-912.9267563423 1677.9650668303
-915.0770756065 1694.8152350598
-909.5214918012 1697.5434217297
-897.8180212359 1688.7502574152
-889.5848287690 1686.3976928496
-875.5919066342 1673.0027393861
-868.3866728436 1672.4668784575
-854.2305121616 1658.4276861074
-862.4252891541 1687.9053139687
-904.9695605232 1785.6413760493
-915.9534876807 1822.2012331611
-918.1872161952 1841.8161500584
-928.6881908774 1878.4819940726
-930.0842351384 1897.1948199802
-1008.3028163229 2074.2646149227
-999.6443016188 2074.1191523416
-990.9252756172 2073.8445056809
-986.6891330794 2083.0290380277
-984.9012106657 2097.5896447897
-984.9035338480 2116.2560278056
-975.2702315648 2114.3676613768
-974.3704377337 2131.5506392337
-956.9996911652 2112.6862642716
-943.7040289243 2102.5530348221
-882.6831115617 1984.9102188040
-789.8335489962 1792.8096387121
-667.6197189551 1529.7789115172
-661.7786242412 1530.9191392018
-654.9486049584 1529.7715749059
-652.7897649341 1539.6186576949
-653.6024429581 1556.7375313152
-653.5280787945 1572.0635771751
-648.4722564387 1575.5945250045
-646.7725352237 1587.4344486939
-642.2629823872 1592.5502099243
-635.6469007830 1592.4946392576
-628.8507390530 1591.9819613721
-624.9942408418 1598.9792774308
-616.9498344747 1595.2974063594
-612.5338259670 1601.0195877817
-611.1105103046 1614.7747971117
-599.6155927056 1601.9271110234
-593.9991886799 1604.6726153447
-611.6121212641 1670.9435621897
-637.4594668547 1761.4849872059
-671.3276966052 1876.5428066254
-677.0320248604 1914.6475028992
-717.5562485405 2053.2925543578
-753.4901655239 2181.9696115411
-762.8011424094 2235.7390671968
-733.9011083047 2177.4588252107
-752.2616684437 2259.6933841705
-745.6453783172 2268.0272828965
-737.2034904433 2270.9500324435
-734.9487364292 2293.2539165020
-739.1166153707 2336.4444720118
-717.2017741848 2297.2362911379
-698.2586561023 2266.6206198770
-703.4854163995 2314.6976651372
-722.9734522956 2411.6750376565
-714.1486143365 2415.6007836847
-718.4483902795 2464.6624905722
-714.3730749102 2485.9930136625
-645.8040668684 2280.2303398357
-618.6732419076 2216.8445048794
-609.1667771339 2215.6525293986
-591.4625717748 2184.1515879477
-553.7526174025 2076.6480330265
-543.6055675531 2070.7483108227
-540.6097883270 2092.3373358590
-528.2429072592 2077.7695390913
-519.0654582447 2075.4723442925
-510.0653356976 2073.8187101152
-500.1566085551 2068.3510568407
-490.6874934832 2064.5425054762
-482.6871236165 2066.8881734212
-470.9547069338 2053.0491987864
-465.6335651875 2067.1641985575
-457.5271003920 2069.2108869553
-452.7218653096 2086.5507072873
-438.5489189909 2060.5504512787
-447.1947782569 2142.8612550100
-646.6019021140 3598.0842819920
-669.8625922203 3815.4283237457
-650.2599000931 3793.2319736481
-630.4744362831 3768.8440608978
-615.1540923119 3770.5873870850
-599.6979665756 3771.5675163269
-583.4878611565 3767.7314090729
-567.9208111763 3767.9509925842
-551.6803932190 3763.5891628265
-534.0186834335 3748.9958190918
-518.6758089066 3750.2951049805
-499.1232717037 3720.2972030640
-465.7190442085 3581.8550770099
-448.2133076950 3560.6032609940
-447.5062549114 3675.8931159973
-428.9625222268 3647.6292610168
-415.8165329381 3664.8765614158
-409.7527089444 3748.2144507495
-401.4591357925 3816.9140815735
-385.3471631354 3813.8638951562
-370.0619908896 3819.0856738524
-350.0206261873 3773.4981298447
-335.2744400501 3783.4040760994
-319.5958241820 3783.2432627678
-307.7280774713 3830.5024743080
-289.8086309433 3803.4746766090
-271.9031261901 3773.5341787338
-255.5844235420 3763.3076000214
-238.3956301212 3738.1099700928
-221.4675194025 3713.7846946716
-206.1017554998 3713.9831638336
-188.2097176634 3665.0193287776
-173.0777386289 3665.9277860935
-157.7365862635 3662.1544544513
-142.8156758730 3668.3729428511
-129.0929675102 3710.5113792419
-112.4957238252 3670.2507459200
-99.8960301280 3768.2066631317
-85.8382007480 3837.2410202026
-71.5121322870 3922.9204082489
-55.6301373678 3948.5223889351
-39.5834882123 3978.8842101892
-23.4077979365 4030.3179492121
-6.7635007486 4056.1506229898
10.0435020159 4061.2745492355
26.9422182894 4073.8502585370
43.8550963350 4078.0591964722
60.5535591426 4065.5322489531
77.5643470495 4074.8631435892
93.8416855491 4049.2121033047
108.0747656524 3956.4991593361
125.5017570827 3989.7283056508
137.6844743888 3867.9024974505
148.6029128234 3739.6482030551
172.4907557170 3931.1804870764
191.3083726945 3984.0922148331
206.6774407159 3962.4867646591
237.7056892623 4222.2024960951
237.9753782103 3937.4186793963
255.6529367963 3958.7074816227
273.7044480940 3982.8726649284
291.1328176657 3995.7388937473
315.8180241783 4101.4645099640
340.8347467581 4200.4859348138
359.2852714161 4212.8985325495
380.2295488616 4252.0490189393
400.4825303952 4280.3459266822
418.5513655345 4283.8895618916
433.5892957946 4257.3848366737
439.4403207302 4146.2694597244
454.3096083403 4125.4006290436
500.5970719186 4381.0019818219
512.1753215790 4325.5899060856
522.2264776627 4261.4609797796
522.9417443275 4127.8311157227
536.8304646015 4103.3529758453
535.0821660115 3964.5193540133
553.3161240595 3977.5956030245
564.4449336188 3940.3159533228
583.3299711899 3957.7548768785
596.1054552879 3933.9216266360
606.6685659545 3897.1442239625
626.6404688358 3921.1472443172
613.3896068290 3741.2994172838
625.4576903123 3720.9378205813
610.5347717250 3544.8419341335
607.9833904902 3447.1585044154
613.4733236753 3398.5032118284
577.9476617945 3129.9077642375
511.6633764572 2710.1716465420
509.1779703895 2639.1279167599
500.2192043596 2538.2221407361
509.3366358731 2531.3042821111
519.3370242377 2528.9650221129
528.8158204104 2524.2285084080
539.2305963748 2524.0567503749
549.7032146196 2524.1571245967
559.8721906946 2522.8854965519
569.5614701993 2519.5384347761
580.3658833375 2521.1560403979
591.7490350234 2525.1861327403
586.8146709494 2460.6530215289
609.5062929231 2512.1879642074
615.6623411823 2494.9827065339
617.6752512519 2461.8322398212
632.4285043252 2479.7122736235
644.0072559022 2484.7727724024
652.2752893598 2477.1012946179
661.8917270711 2474.7088457409
672.8933952950 2477.4894972105
685.1779503955 2484.8390883870
691.5227174759 2470.7489703831
701.1434200563 2468.6035733474
711.4742319835 2468.9841082222
720.0934516417 2463.4983861769
730.8939146368 2465.5238766419
740.7840828638 2464.4651412964
749.4878462843 2459.5418491879
761.3205587542 2464.8809755171
765.6100486454 2445.9796453777
779.4676020339 2457.7409383413
785.4901310560 2444.8128197644
794.3322271914 2440.8778822100
804.9786326132 2442.5165025811
814.6780519872 2441.2767178303
830.1142548260 2457.0476004952
837.0636024991 2447.6205464956
847.2918177906 2447.8919506073
859.1696792527 2452.8665479861
866.2637770176 2444.2272060796
873.6380009275 2436.5685927240
883.0927453543 2434.8212104095
892.5247804115 2433.0513540067
901.8751523997 2431.1008516111
911.0266127084 2428.6631471232
916.9484345536 2417.7629508470
926.0263929242 2415.3301841334
933.1952898930 2408.0233084850
945.2571053254 2413.3631743883
961.4628710245 2429.0606599105
975.0200729621 2437.8110170364
985.9860555122 2439.9696714000
1010.4186409398 2475.0717564633
1003.1694173813 2432.6419328388
1008.4283978511 2421.0859567691
1010.2715889613 2401.6374150912
1014.3034168192 2387.7201273635
1022.7444370588 2384.3507700496
1032.7301551314 2384.6126163707
1040.6427065531 2380.1278591156
1047.2748941845 2372.8262495112
1057.7671527863 2374.3249773979
1066.9690558785 2372.9262477473
1066.2257894874 2349.6370613575
1068.4878693687 2333.3318365945
1089.7907853127 2358.5271835327
1440.1320748859 3089.0560944875
1473.9132844485 3133.6852403787
1496.5710639954 3154.0923792383
1517.7953485399 3171.1513698101
1583.8712838388 3280.8232845799
1596.7854218824 3279.4472830636
1607.7024468354 3274.0273986544
1607.9766585909 3247.2057260316
1673.4292268753 3351.3609568278
1707.3111451905 3391.0968057041
1690.3924900910 3330.1062912777
1698.2866032370 3318.5888241077
1839.3273591995 3565.3473091125
1843.2470926872 3544.4976733281
1858.2258312790 3545.0754872075
1921.7597016921 3637.5504365334
1918.8506647393 3603.8007206387
1932.9523231302 3602.2729788508
1993.1898968560 3686.0898562840
2016.2721574306 3700.4420416696
1957.5103021437 3565.5030665859
1312.1695709229 2372.1585273743
2222.4889198939 3987.9957834880
2275.6793498993 4053.3253062855
2266.1005391015 4006.7153241899
