183 2
-1139.9625182152 1806.5466880798
-954.1783928871 1563.4191206523
-948.9945901765 1565.5463404126
-945.4668998718 1570.4537153244
-933.9775172147 1562.1127648787
-926.1466535655 1559.8172166131
-917.0351400971 1555.3173869848
-905.1399230957 1545.9992736578
-900.0909990735 1548.3253929350
-893.9729399151 1548.8325357437
-876.3608203994 1529.2893118329
-862.9088625312 1516.7741924524
-851.9030043057 1508.4067072187
-600.2069214980 1415.6009356181
-589.9032354355 1405.0199836493
-578.4709393978 1391.5134191513
-572.6340591908 1391.3302540779
-566.0448521376 1389.2968893051
-557.5057400597 1382.3868301180
-556.5017834306 1394.2113220692
-546.3245809078 1383.0609122912
-543.7061871801 1391.0127196993
-279.2197338172 1195.6315721784
-274.3013714041 1195.7715409143
-270.6104048661 1201.3655730656
-265.1637707438 1199.2289679391
-258.6189891611 1191.9495889119
-250.8369460702 1178.5736083984
-246.0672342115 1179.1013081868
-237.8330361098 1162.7132892609
-233.6878646165 1166.0514324903
-227.1306514740 1157.2409357343
-222.6957269013 1159.0969115496
-218.2942703366 1161.2126827240
-213.1577655673 1159.4255864620
-206.8339245660 1150.9491375514
-201.6015478543 1148.2896123614
-196.8449034861 1148.2767718179
-76.7077803612 1064.5682414373
-68.4105596609 1072.6966593001
-62.7381263868 1052.0544648170
-57.7598412832 1040.8406125175
-53.3929787103 1039.7247359866
-49.2826032024 1043.8457954498
-44.5467635161 1034.2377462084
-40.2849046957 1034.7607533137
-35.9655694947 1033.7562182593
-31.6483823671 1032.5503689902
-27.3733385026 1032.5575272242
-23.0925039699 1032.3084990184
-18.8113225121 1031.9272942013
-14.5230870546 1030.8213707000
-10.2533634072 1030.6556678954
-5.9801883966 1029.6594642458
-1.7067343828 1023.5485935968
2.5425089804 1028.1102203187
6.7745943051 1024.3656578518
11.0903169077 1031.2819355413
15.4084666011 1034.5158755779
19.7002951292 1034.9601355810
24.0334357534 1037.0282332102
28.3526199914 1037.9584554642
32.6432434931 1037.7358425231
36.9734205897 1038.6761843212
41.2597826549 1038.3179414840
45.5197495009 1037.4257375324
49.7253801496 1035.5558319697
53.9964352335 1035.2371268802
57.5165376067 1021.6266427721
62.0338833994 1026.3808492630
65.8233311712 1019.2541419243
69.5539730552 1012.1305051603
73.3867085133 1007.2176884382
77.5706453621 1007.3942029476
81.7650661997 1007.6819129710
85.6239095611 1004.0067794188
89.6253284481 1002.2663765483
93.5249826626 999.5923376920
97.4538576874 997.4440390413
101.4501537789 996.1324139075
105.0983247432 991.6385845705
109.2537455261 992.0888002272
113.3724839791 992.1853594158
117.3519900157 991.0992795513
120.5068048090 983.3569675684
123.0376246903 971.1952408155
126.7410458790 968.7662786908
130.6270765407 967.8393219198
134.2780949040 965.2781378139
138.9408435892 969.9277527192
142.5962615013 967.4816584587
146.5981013718 967.4553984687
150.6184819672 967.5496253702
154.1941705204 964.8563748314
158.0726368861 964.1458744353
161.9576166073 963.5091655784
165.9070276297 963.2771336115
169.5065590052 961.0722752718
172.6414048009 956.3942816522
176.5686753723 956.2174876531
179.6930415763 951.7956707213
182.8911613141 947.9458928108
185.8254820108 942.9193209199
189.1053732146 939.8170167750
192.5431088759 937.6084644061
196.1133075612 936.1194985253
199.5264620465 933.9531414649
203.2226227224 933.1686973572
206.6261055502 931.0946545085
209.9108957761 928.5715383452
213.3463136852 926.7935256163
217.4025838956 927.7277145630
220.4918064177 924.5744168758
224.5421924374 925.4903468219
228.4168421545 925.6633587859
231.7014820874 923.4790936112
235.2461677633 922.3853820249
238.4941424517 920.1818091028
241.1246650985 915.7026750701
244.7308471491 915.0100576467
248.0070651681 913.1236782780
250.8534286171 909.7350649536
253.5026745918 905.7424221283
256.5836847613 903.3863513093
258.9467790392 898.6066566573
261.5094457535 894.6451202352
264.6841632353 892.8588660988
267.6188671911 890.3233505584
270.4271260769 887.4417812594
273.0076738766 883.9002336775
277.2816179260 885.8624408322
280.8697621028 885.6110374133
284.3633081232 885.0716756923
288.1482773357 885.4415372566
290.3462201357 880.9866607189
293.8041417372 880.4179884139
298.3643535305 883.1259327776
301.6760283046 882.1174999078
304.0384456515 878.3907145262
306.2426471710 874.3003344536
309.9566918352 874.5656816856
314.1826400834 876.2525723827
318.9156096090 879.2989037254
321.2277029569 875.6770812548
323.4478036563 871.8881119381
328.7507282651 876.4011548913
332.0204123207 875.4545061485
331.2781453133 864.0640423848
333.0015710422 859.2794622694
338.9652115958 865.4218457994
341.7302409808 863.3546908696
347.0418519444 867.6974574725
346.2092748710 856.7465373448
351.5665991740 861.1802296205
355.8078495895 862.8184339579
360.2611862478 864.9332835561
361.2351971013 858.7353740420
364.3314323642 857.6541001146
369.5063944906 861.4398874342
373.2466833158 861.8405840614
377.1319488684 862.5652740399
375.6659371512 851.1518921171
369.9362982403 830.3802826188
371.9360530376 827.1812966892
373.2412129641 822.5100129843
377.8622100751 825.1641955641
380.3289532661 823.1086191677
383.0699669687 821.6778322270
384.7308754921 817.9758563638
1210.8633915583 2424.9847730001
1221.9549076898 2427.0721844264
1191.3499037425 2346.9824790955
1196.6275215149 2338.3065462112
1209.1634405984 2343.8392215305
1201.2831121683 2310.0241422653
1199.0621288617 2287.5399390856
1219.6693970607 2308.6179036361
1233.6451262236 2316.9135749340
1251.1233223809 2331.6083484226
1262.0321065187 2333.9289873838
1300.5034753254 2386.7997271674
1294.4748202960 2357.8184445699
1297.3811809833 2345.4239001641
