192 2
-912.3986661434 1651.8526077271
-887.5474691391 1631.3178062439
-877.2718045447 1624.7960593965
-878.0257214199 1638.7592987581
-773.5699117184 1455.0458528101
-788.0055050055 1493.8324371974
-758.2076415420 1448.7153850496
-723.4950049927 1393.4131766620
-651.6449853130 1265.1222970175
-643.1399342560 1258.7285297258
-609.8205415826 1203.2678597852
-529.9527834762 1054.2900074612
-426.6288330158 855.7861248652
-427.8277034561 865.3783251842
-423.6946276256 864.2564117908
-419.0035730600 861.9675219059
-416.4915520411 864.1604872850
-409.5813483000 857.1867694457
-403.8459406449 852.5713040279
-400.5472001277 853.0639033569
-399.5118453389 858.4285747437
-396.3238199552 859.2226430774
-391.7799253355 857.0649569685
-388.6953229490 858.0893770508
-388.0902628104 864.6570742130
-379.5295423932 853.4569872750
-1780.2222437329 4919.2692968580
-1709.4251990318 4778.3065795898
-1696.8770027161 4798.7705707550
-1741.4543628693 4983.1847277555
-1454.7172601406 4212.5949217723
-1311.4846453947 3843.9079803579
-1037.9994199390 3079.7078382401
-1053.9320095589 3165.8707166973
-1139.3513154984 3465.5614280701
-1155.2061465654 3558.6041049524
-855.0820137773 2668.1047337396
-960.7735984027 3037.1311903000
-1028.3528864384 3293.8701425280
-1180.8374524117 3833.1219090356
-1450.2611358960 4837.7413551013
-1279.3470067637 4327.3789371763
-1257.4404254556 4313.6936426163
-1485.6158693631 5169.8906421661
-1680.0196965535 5931.8795998891
-1647.1597254276 5902.1414915721
-972.5170234839 3537.2248888016
-1706.0319979986 6602.9039223989
-1744.0142631531 6859.8361810048
-1711.6870880127 6844.1447681851
-1733.5718359266 7048.3398437500
-1745.1694011688 7216.9854981559
-1909.3731111950 8033.5895750258
-1981.1497926712 8483.3732332502
-1672.1179825919 7289.3221718924
-1722.7355837822 7648.0254530907
-1742.0661151409 7878.6638379097
-1417.9192100252 6535.0507327488
-1464.6293371916 7018.1888639927
-1325.0881863965 6478.0639807383
-1403.6835879087 7004.0745139122
-805.9235572815 4106.2169075012
-561.2071741510 2920.9968249003
-467.5409679904 2487.0762474397
-494.6178969215 2690.3671727461
-467.3595743047 2600.6714635425
-440.8365624982 2510.9333798692
-431.1591088772 2515.1274204254
-420.8893162864 2515.9881864275
-410.8212456621 2518.1290856723
-401.7601454258 2526.7143821716
-389.2180174589 2513.2809778055
-380.6438044361 2525.4351678102
-369.0283376238 2517.5283577131
-362.6211032271 2545.7255482674
-351.6054962363 2542.2901085445
-378.9092017257 2824.2618933968
-482.9251244664 3714.1874074936
-618.9096619685 4916.6138668855
-620.3620594281 5095.7603271191
-581.7383616059 4946.7395234991
-584.6604430676 5153.0138206482
-659.2711100453 6030.6849605159
-653.8659681877 6216.6980902354
-608.4105653895 6021.5703646342
-572.8373966719 5911.7530270627
-534.7565829754 5765.0972723961
-517.1381086111 5835.6443957279
-497.6770226893 5891.2948558205
-459.8756551743 5724.3877053261
-458.2786195808 6014.4900480906
-461.8300972506 6409.3844145536
-382.1685016155 5627.1724899610
-397.4604436329 6665.0067056928
-173.8966461271 5673.4982728958
-89.3532442195 4901.6252245222
-67.6403106190 4800.9818792343
-47.3710097373 4761.6765022278
-27.9716055840 4816.1071777344
-8.2163973711 4927.4696244134
12.0819856280 4885.5727059501
40.5788636870 6135.8056598239
67.7534362508 6300.3514077928
99.7607961297 6697.8844006856
128.8154022052 6767.3506003160
158.3393674630 6832.2479541485
185.6569104961 6796.6968332018
216.1044042025 6870.0062547411
245.2070510813 6888.4815829141
272.8238999844 6865.7160145896
303.6789745092 6921.0483346667
323.5241174698 6737.5510079520
349.1865843534 6694.7181906019
379.2177353586 6735.7834747859
397.8108508246 6581.9745063782
417.4521565437 6464.1188939412
437.1955355008 6361.9504928589
469.0664390723 6437.8417968750
500.8555869261 6504.5097351074
541.4875745773 6673.3539899190
597.2863833110 7003.6462942759
619.1591173410 6923.9618778229
715.4258936644 7646.4514334997
793.5234904289 8121.7438957908
833.7317271666 8186.3572380759
846.1239586274 7983.4684928258
922.2142967311 8374.2526661266
555.8583047241 4864.6236906449
586.7766040564 4955.6369876862
588.7421099124 4804.2403856913
591.3315272850 4667.6646678344
431.9231040203 3301.4761071939
405.0770195631 3001.2879027770
282.8253405850 2033.1322172793
253.2395430100 1767.8319643705
248.0803822929 1683.1662736156
218.7054525030 1443.3186269821
200.8844056028 1290.4500758394
193.2013979618 1208.9406264589
160.5024308794 978.9661284950
163.3235839009 971.6354966164
167.7548303357 974.0057182762
173.5047561691 983.7413328759
178.1397619934 986.8539246646
180.0197578139 974.9070273505
176.9738435745 937.3926469258
178.7441948781 926.4516862663
182.0435148353 923.7287814418
189.0110695048 939.3483452630
190.5211549802 927.7623520523
194.1723823547 926.8547637122
197.9920320095 926.7707107559
202.0809834912 927.9264467103
207.1248881874 933.3422638121
210.4849065580 931.1107567378
214.2762816142 930.8333756432
217.9864328059 930.2191942457
221.8072258291 930.0902807523
225.7941831199 930.6506467244
227.3663410119 921.4061877084
231.3242024846 921.9753988205
235.0228457224 921.5097427368
238.7890756603 921.3197524585
242.1636746989 919.6484533567
244.1305712102 912.7657195878
248.0115087763 913.1400440970
251.6198494132 912.5145295310
255.5944754018 913.2162294691
258.5153953424 910.1875641989
260.4951120791 903.9797479989
266.8768043319 913.0072759257
271.5393337939 915.9834186236
415.9217067063 1108.7862104177
417.5398349762 1100.9477509393
420.5236799187 1085.1220952140
424.8369991779 1084.6635818481
427.0521886647 1078.9138972759
439.8915701442 1099.8466213544
445.9617480636 1103.5989165306
452.9460115092 1109.5142364502
460.5734149615 1116.8703522001
471.4496888612 1131.8802582590
481.8459153175 1145.4535027345
496.2131083012 1168.1100346825
498.8672673702 1163.0222320557
495.6548184156 1144.4855690002
508.2651339471 1162.4892801046
508.8178558009 1152.8361865452
507.9083045324 1140.0801738103
508.9999536673 1132.0097247760
561.7485145728 1194.3328181903
563.1490051746 1186.8624389172
