292 2
-2576.1587827102 4082.5475091520
-2587.9985961047 4128.3993395892
-2660.5299819599 4272.3203138872
-2645.1977924867 4276.1308279904
-2578.4812515432 4196.3669657707
-2756.9679498672 4517.2856807709
-2827.1787696415 4663.9668146769
-2729.5885776219 4533.9423355303
-2747.1037726653 4594.6350850557
-2635.3934824467 4438.5325729847
-2702.6279098109 4583.7330378984
-2715.8548302121 4638.7410163879
-2584.7795128822 4446.3057160378
-2498.2542253676 4328.2936754681
-2466.6305099215 4304.3820063273
-2265.4178440571 3982.0280969143
-2139.0626941408 3787.4927861350
-2052.6380028043 3661.3083907536
-1975.5165908072 3549.9640703201
-1973.0543516300 3572.1171785284
-1960.5856427440 3576.3518986879
-1940.2760124207 3566.2393856049
-1947.3101943731 3606.6153049469
-1937.9237353802 3616.9675111771
-1939.3738570966 3647.8640782206
-1946.2855803339 3689.5992630406
-2051.5446976611 3919.9082474960
-2102.7936558974 4049.8695624502
-2269.1059857607 4405.3075909615
-2656.0849231832 5198.3864167157
-2802.5760591030 5529.9051046371
-2843.7896616319 5657.4455710018
-2814.9352222681 5646.5533375740
-2886.1157000065 5837.8219604492
-2851.9893139601 5817.5154030323
-2813.9118166531 5788.7348287246
-2805.7387997122 5821.5072575737
-2758.1136086408 5772.2806650050
-2744.5455438950 5794.0924588372
-2705.2384404575 5761.4714398104
-2685.7532613418 5770.8611207850
-2608.1904172897 5654.5080840588
-2666.8814271688 5834.1187834740
-2617.9861724377 5779.5039713383
-2522.4450826645 5619.9554800987
-2543.0290381114 5718.5690244039
-2450.3765404224 5562.0056688786
-2378.6720633507 5450.4715502262
-2310.0331574678 5343.8928127289
-2289.3107384443 5347.1713364124
-2174.8387182460 5129.4038015253
-1816.3326277452 4326.1055665858
-1654.9227798686 3980.9212965124
-1115.9035894606 2711.3135125902
-1102.6776896583 2706.4051363203
-1091.5349364281 2706.5613985062
-1078.7528861653 2702.6139606129
-1062.1696343789 2688.9607356145
-1050.4589001338 2687.4839782715
-1045.0293375896 2702.2173221295
-1042.6047188895 2725.1239674432
-1036.7064367641 2739.3530715596
-1111.9902592439 2970.7821882688
-1222.0836026328 3301.4255591801
-1311.7911577225 3583.8547229767
-1425.5980359656 3939.3399953842
-1508.5858610960 4216.9061715786
-1543.5319130237 4365.1104340186
-1683.9384978468 4818.6026052995
-1658.4866444270 4802.6737939744
-1625.1067735932 4763.1216916171
-1607.3920455846 4769.0757838163
-1592.4494808370 4783.5050929676
-1565.5625625090 4761.9669003920
-1544.9733083898 4759.2790343545
-1539.4817157225 4803.6309805783
-1500.4382458600 4743.0819598111
-1491.6908684231 4777.9670215788
-1479.5293183554 4802.7068773905
-1449.5585918427 4769.5229530334
-1437.0619237423 4793.7117815018
-1418.5663775394 4798.2871657924
-1396.6517573909 4791.2629780016
-1372.7874128442 4777.2516200417
-1355.2502770173 4785.1709064684
-1334.3073568846 4781.1214296441
-1291.6496678403 4697.9693362587
-1289.2610211121 4760.9799535651
-1258.2448363304 4718.5902833939
-1228.4722089767 4679.6003103256
-1228.3202528954 4754.0025234222
-1203.6201953888 4734.2715740204
-1187.8512620926 4749.5983600616
-1160.9435319901 4720.1530218124
-1174.6558666229 4857.6799392700
-1100.0880897045 4628.5644054413
-1066.6025698185 4567.2406196594
-1133.5073510806 4941.3381417592
-933.4343870481 4385.8018716176
-913.7454032898 4378.4715334574
-892.9375708103 4365.3748432795
-868.7198977721 4334.7226444044
-857.4926909946 4368.9639908927
-825.0425078652 4294.2191254009
-808.1110824238 4298.7332994288
-771.4599425142 4196.1896202781
-749.8840472915 4172.8085387837
-737.2621460394 4199.3253231049
-717.7716087211 4187.0554360476
-698.7693526528 4177.0968437195
-680.5325529792 4171.3246865706
-661.8575453758 4162.4959165400
-646.2557180361 4173.0396097357
-614.0176161476 4073.7866318744
-603.6163205686 4117.8984849349
-566.5644506613 3977.4783353011
-555.5604955424 4016.9904853987
-539.4807639329 4021.1084407309
-505.5179831882 3887.9495958487
-488.7086525559 3882.2979728381
-486.1978538658 3993.7125703563
-467.7531965401 3977.4809298308
-453.4317514171 3996.4052697887
-432.7318007531 3958.4157674209
-415.0307256243 3945.9474294082
-397.4356586518 3933.5063125776
-382.9758866974 3952.3586604906
-369.8345409787 3987.1077226556
-340.7114470998 3844.7579443455
-323.3791701496 3828.0289371808
-312.3148828745 3887.5975509485
-288.2737922668 3783.3312702179
-269.9567699432 3746.5221500397
-253.7780618668 3736.7102432251
-238.6910343170 3742.7419662476
-223.1047898531 3741.2400054932
-208.1443083286 3750.7902240753
-192.7625864744 3753.6776924133
-176.9610643387 3748.1797504425
-161.4176195860 3747.6166725159
-145.4590165615 3736.2700176239
-128.6898797750 3698.9254283905
-112.5780352950 3672.9362106323
-99.2221063375 3742.7854156494
-82.0604607463 3668.3640098572
-66.3822098420 3641.5097988569
-51.4246426523 3650.0243377686
-35.7877721007 3597.3434081444
-20.8657729941 3592.6360992285
-5.9779777120 3585.0632190704
8.8400795984 3574.6486003582
23.6504420352 3576.1109315432
38.1113898296 3543.9552985705
52.8853929673 3550.6958411290
66.0893579048 3472.0216503850
80.5554206555 3475.9177978222
94.5573970675 3461.6430865394
106.5251832759 3386.4589090701
121.8886629299 3424.1585201687
134.5835904832 3386.8466571525
145.6057311346 3318.4526165326
159.8223692604 3328.3805165972
173.2844375074 3322.2653099469
186.8350708059 3318.6226742608
200.7572203875 3321.6260841915
214.9078478771 3327.7822647776
227.4149197799 3309.2800287100
242.4185643239 3327.1456190518
252.8268954028 3283.4115132042
270.6971349461 3336.1020684242
283.1968319416 3320.7025814056
292.0499016409 3265.9494669541
333.0147200161 3559.2518029390
350.8270808629 3590.7288704600
379.3767032952 3725.0749818210
406.5108023308 3835.5682514332
428.2634189496 3888.8858373349
450.6170403957 3943.5991382599
472.7533596257 3992.6507969697
434.4074181888 3544.8417974555
411.0136650227 3244.3288697137
438.5878092476 3352.4188995361
440.1842302510 3261.4035691534
456.6375464201 3282.6071892466
460.5164384020 3214.8047397877
473.3330186071 3211.4517031045
486.1704930663 3208.4198679243
500.4065952131 3214.5339506013
514.6297940186 3220.2503681183
528.0108856303 3220.5417411668
538.1794386897 3201.7069273982
552.1479802472 3205.8408175196
559.4607242222 3172.0435537141
576.8324897207 3195.5213628966
582.3795369693 3153.9088147027
605.1591890199 3205.3989682879
606.6587130229 3144.3817774455
619.9192663034 3145.6065257390
626.1904438337 3112.0450258255
631.2473723965 3073.9240031089
637.4686764133 3042.8677681954
648.3532440278 3034.8433140785
660.8882661789 3034.7027009533
672.0675922209 3028.4582876390
683.3645816772 3022.9631239368
694.2214985048 3015.7539306148
705.6348419959 3011.1739712377
718.9652573678 3014.7917347570
722.4520444870 2977.7137925548
736.8454523385 2986.0794246197
720.8489608020 2873.0457052588
752.9782988131 2952.3803815246
774.3376954909 2987.6266371819
751.7126744444 2854.7279292887
823.3048195640 3078.2069365184
869.6671416020 3201.9799988845
889.4760821547 3225.7385764803
902.1749049425 3223.3903578350
901.3711575951 3173.5704626356
901.6368878739 3128.8935542107
911.2731346062 3117.5396101815
946.1664621319 3191.7025276593
964.2162046262 3207.7865345137
973.4618376041 3194.5415858565
997.2555082420 3228.7530405768
1007.9358446187 3220.1648251764
1003.3845531529 3163.7739148633
1017.9899136225 3168.4609731038
1028.6103546619 3160.7835610708
1039.4885897636 3154.0812571843
1051.3070086638 3150.3627220790
1063.7874841690 3148.6948966980
1074.1305033366 3140.8173243205
1082.8876296679 3128.5465717316
1091.9555226962 3117.4531062444
1093.3432181676 3084.9485794703
1092.4920479457 3046.9506025314
1109.7097317378 3059.6387306849
1109.3390186628 3024.0939537684
1046.5500280261 2821.0874274373
1040.3979245354 2773.5480560976
1038.4252807673 2738.0668555989
1041.5119704078 2716.5481693604
1048.4616211482 2705.4573399680
1056.0754299164 2696.2965829032
1061.6179295949 2682.0946012224
1073.2789686748 2683.4845679147
1078.9419344493 2670.0029168810
1086.8347917284 2662.2569697244
1094.5570162364 2654.2528084346
1103.3193336593 2648.9049262471
1108.4595223268 2635.0516345766
1117.4611051877 2630.5583715439
1130.0483842691 2634.5113184717
1139.2752594418 2630.6292348438
1146.5263201131 2622.3017838266
1153.5518831677 2613.6196189457
1158.6936745379 2600.8704304695
1174.8395098580 2612.8288639916
1181.1052458627 2602.7963433947
1190.0361425736 2598.7653872546
1238.8348109794 2681.0885487181
1274.8238498514 2734.4730839585
1306.2686486678 2777.2561709086
1311.7560256611 2764.5861741268
1310.9980713237 2739.0868736036
1321.8758322976 2738.1271810243
1343.6335614233 2759.5288247773
1363.9867594748 2777.7093323794
1364.8494843281 2756.2260338754
1375.9945016919 2755.6912465529
1380.6430173643 2742.2617854494
1395.3467151698 2748.8603311427
1403.5326628124 2742.6158259897
1403.2435136683 2720.0435470132
1420.6701832659 2731.8974943722
1439.8117099489 2746.8357631138
1433.8314243265 2713.9887938628
1435.5211096841 2696.0576418284
1441.0783696819 2685.6108356167
1437.3725491601 2658.1934400507
1392.2142885827 2555.1155193432
1401.1830968015 2552.1819872015
1382.6853422558 2499.6379683999
1425.6211886039 2558.1099803631
1494.3631802286 2661.6843257632
1501.8020814115 2655.3515087474
1499.3675698837 2631.7802965641
1527.3184776306 2661.4987542552
1577.0023535280 2728.3919348436
1603.7350965269 2754.9079042492
1643.2620106321 2802.8720292178
