287 2
-3027.4525615904 4797.7318498823
-2393.6584128274 3818.3860293141
-2404.2672472341 3860.8095986503
-2353.8984934489 3805.2268862724
-2283.4406375885 3716.2010868390
-2170.3351463590 3556.0891492026
-1780.5754847643 2937.3965699498
-1637.6378387213 2720.1738983393
-1539.9416267872 2575.6107091904
-1300.7498269989 2190.7242877143
-1150.3225124401 1950.9793442229
-1060.7763351278 1811.8297876196
-1056.7892688386 1817.8758088579
-1046.4376591622 1812.9818109756
-1049.2412727706 1830.9735692277
-1049.0198782512 1843.9099924905
-1045.5035802090 1851.2020978061
-1053.5671114922 1879.2569190264
-1051.6057809194 1889.7147019704
-1047.4785443010 1896.4080317267
-1008.0318230170 1838.7753301197
-1002.7609026950 1843.0807953296
-982.5759530067 1819.8299841447
-1056.8187912305 1972.4611361821
-1202.4229996734 2261.6968419817
-2154.3844110436 4084.0949482388
-2088.9768742380 3991.4302428563
-2156.3707306272 4153.0561220078
-2237.8027915955 4344.5346474648
-2209.3452155590 4324.0447163582
-2197.8655159473 4336.7199063301
-2170.2955543995 4317.5939679146
-2164.1392648220 4341.1045432091
-2119.6136891842 4287.3982310295
-2081.1919882184 4245.2356020610
-2054.7205209732 4226.9385542188
-2014.3784681956 4179.5475937071
-1983.1738358452 4150.4584721157
-1962.7113285519 4143.5388156346
-1929.0184634072 4108.3198047820
-1907.8306996304 4099.3438078010
-1878.1913171212 4071.8836685022
-1789.7260761261 3915.2375888824
-1728.4839153290 3815.8259010315
-1686.0900750527 3756.5738146122
-1667.0969632956 3748.8400385930
-1666.4278286475 3782.5537787543
-1669.6339448293 3825.7868908070
-1649.6608919568 3816.2269592285
-1656.9591716484 3870.1800858533
-1631.5523871669 3848.0513890584
-1595.0464495906 3799.0504105886
-1573.8431082831 3785.8837887093
-1557.4954880608 3784.2503388723
-1546.7181912175 3796.2553412826
-1525.0977498514 3781.6203170353
-1505.8066182666 3772.5173190788
-1504.5554546209 3808.8930019966
-1481.1638135176 3789.3952773168
-1475.3761429053 3815.0001305800
-1474.2229175568 3853.2725811005
-1459.3813419342 3856.2128643195
-1450.3555645545 3874.7555911541
-1438.1107389927 3885.0170274576
-1422.3218858242 3885.8281274637
-1404.1056583325 3879.9503246943
-1391.4854774872 3889.5789384842
-1379.3924351533 3900.9236991405
-1356.4603924751 3881.5215329329
-1345.5074280500 3896.3432212671
-1328.2059232394 3892.9173946381
-1303.1238913536 3866.3228054841
-1298.2817888260 3899.8647928238
-1281.9936374823 3899.4361360868
-1267.0184870561 3903.0412832896
-1253.4844328960 3911.2361868223
-1238.1712893645 3914.0217105548
-1220.6830432018 3909.9141061306
-1202.1184464296 3902.2022287051
-1190.4214819272 3916.8768624465
-1171.8271126350 3908.9488089085
-1101.0598738988 3724.3243853251
-1046.4869642258 3590.0103473663
-1089.8282875617 3792.5639053186
-1003.1988093486 3542.1337256065
-988.2167463119 3541.0014574344
-959.9143931499 3491.3866978425
-944.9412891498 3489.4769925338
-929.9058560972 3487.2741346006
-914.6709265532 3484.2419712632
-900.4794977329 3485.1512555723
-880.5338055999 3463.4565600642
-861.9658682081 3446.5524355570
-847.6837034579 3446.5042043615
-807.6517496790 3339.9685365813
-796.3438608817 3350.5760346140
-776.3105588300 3324.1969857897
-756.8702463593 3299.4507636343
-741.7819627694 3293.1154966354
-726.8014997244 3287.0305691447
-712.0654561690 3281.8398645946
-697.0773126398 3275.2628326416
-682.6228541987 3270.9819929940
-669.3930711065 3272.5151181221
-642.8679433362 3207.7706271204
-637.8416049069 3249.8318162458
-606.5043648084 3156.7616621653
-589.6412869294 3136.5868091583
-581.0323645329 3160.3999713372
-552.2409339746 3073.0027755102
-527.7328568120 3005.8805250352
-527.4107879208 3076.6028358090
-508.8829861747 3041.9958874031
-494.8876941204 3033.4143829346
-486.0856257103 3057.0467489737
-482.5720439355 3116.0919268926
-460.4558337618 3054.9593148408
-448.4341631333 3059.2385768890
-440.2820944786 3090.9325520198
-422.3720133305 3053.9687315623
-409.2000176509 3050.0394185384
-397.1571485202 3054.5440673828
-384.4774266084 3054.2858759562
-369.9044992526 3038.4589751561
-357.2206775347 3037.5814437866
-346.2195316950 3051.4703989029
-328.4970829564 3004.9282889212
-308.0427013338 2928.7477135658
-301.7676707470 2986.6596135226
-284.7607831160 2938.7666095387
-272.8278943987 2941.2995901975
-256.0745793762 2889.6733341795
-244.0077107061 2888.4624495651
-232.3130956202 2891.7604865450
-220.1077509107 2888.7139305924
-208.3396008520 2891.3849556085
-196.7409448698 2896.8772739172
-184.4955859706 2892.9422423244
-173.0872207519 2902.4962873170
-158.6227342486 2858.4043317371
-146.8985614677 2860.5646689733
-134.3551891191 2845.7525730133
-122.8495422337 2852.1855076154
-112.2728978448 2883.8491650189
-97.4147937754 2799.9875685748
-85.7841755976 2798.7680435181
-72.7744319421 2745.1451736338
-61.4423717865 2746.6697061763
-49.6998822645 2726.3721648385
-38.4555901675 2729.5053636327
-26.9514934215 2709.1314582264
-15.7219503513 2706.9808174582
-4.4840895371 2689.1609873090
6.5656840877 2654.9549489408
17.4361689408 2636.4697217941
28.4382524949 2644.4560728575
38.5536043308 2588.4675673949
50.0197162231 2627.7988140400
59.1019095853 2550.2117037773
71.5708699273 2620.1314424214
79.0941451744 2514.4201836935
91.9864355099 2584.1298727762
100.2610348165 2523.1066048145
107.0899687933 2440.6525004994
118.2928761611 2463.5081046667
128.6627263636 2466.7634126302
139.1370018062 2471.3947145562
149.8192025198 2478.8317680359
160.2037246968 2480.7056800739
169.9985950380 2473.7733183680
180.5751053868 2478.3567093514
190.7567929577 2477.3197045197
201.0500004163 2477.7629182145
211.3075940996 2477.7455072145
221.5827554464 2477.9261705038
231.4460221175 2473.6884735726
241.9832965007 2476.7085152703
253.0898130254 2485.0722990538
259.8725294596 2451.9860744476
268.2861097761 2436.1969586965
287.0600317654 2512.2212234296
297.5734793223 2513.1645569435
316.0961732268 2579.4010221958
341.8568968773 2698.4411603526
363.9214165509 2781.6938996315
390.9182541072 2896.3831186295
406.9826791926 2925.6557662313
421.2249466559 2940.5159717653
438.6222820456 2975.9476766354
453.9862558609 2996.0241259598
459.1971548165 2949.8108835781
471.6500505324 2951.3084350094
480.0248723477 2927.8565347195
491.1113353446 2921.6919541359
503.4412928990 2923.0436938150
502.0711345332 2846.6546535492
493.2413266765 2732.4452731344
436.9033463299 2366.0743951797
446.4743286371 2364.8791776763
466.9045733439 2420.0200390171
463.2790233638 2350.7795398300
468.7463798457 2329.5785652267
476.8666401505 2322.1510979864
486.0937255952 2320.3005128437
494.9953200089 2316.9981307454
505.0719849991 2319.2170027531
514.6688454681 2319.1910187403
525.8184323708 2326.0347180896
536.0122356150 2328.4801840782
544.6448872487 2324.1773645083
552.2174702750 2315.5787454711
562.0607659221 2316.6328072548
575.7135202487 2333.0894112587
589.0816135539 2347.8682438533
600.9108987119 2356.1337391535
611.7806583643 2360.4329228401
618.3404409223 2348.2292493184
626.9061697854 2343.9033495055
629.5652704106 2317.9620107015
638.2900741365 2314.7973550691
646.8676891592 2311.2004796664
637.2069134269 2243.4942833213
645.2786769978 2239.2698276875
648.8859241917 2219.8915822165
644.3173427914 2173.4751767890
655.1129194193 2179.4514378836
658.0727363742 2159.5512545386
665.4185680456 2154.3849623481
673.8510228867 2152.8268137644
682.0785569590 2150.6633093191
690.8113443574 2150.1281427783
699.4176604027 2149.2179382679
708.2730185154 2149.0862535876
713.6619576188 2138.5703474976
717.8486784299 2124.7537639406
721.9820234511 2111.1156119241
713.4509285291 2061.2152046627
749.4873848072 2139.7315956825
748.9645467248 2113.2587333058
768.3340035952 2142.8766800807
790.3347057956 2179.0731123516
811.3406635821 2211.7407917976
888.6781062399 2395.5267838069
903.1164733375 2407.5758486259
931.0596078634 2454.9705207348
902.8193899563 2354.7999518258
920.1481324785 2374.3563329472
930.9224072430 2376.7648471726
944.2758431306 2385.6389458115
976.0637462139 2440.4204666615
1031.8423180204 2553.4478551463
1130.3891047835 2768.9454853535
1178.7030261916 2858.3031989433
1125.4991147969 2702.1552227639
1138.1043762695 2705.5239473901
1156.1671989720 2721.6744044932
995.9507102058 2321.8858582633
1021.3756532896 2358.3946880840
1007.2405196372 2303.7313222885
1009.7109445117 2287.7170335163
1018.4155418114 2285.9940610149
1020.3095409605 2269.1560930676
1022.0507713074 2252.2887600229
1034.7468243993 2259.6492119457
1044.9681719144 2261.5220308304
1046.8570745510 2245.4886073652
1054.7813786113 2242.5693817761
1056.0368973276 2225.6463195967
1039.8656453775 2172.6060768832
1058.7641557922 2193.1189169054
1058.4249185479 2173.7728015236
1041.6249969731 2121.2313434352
1057.2708373846 2135.0906560587
1070.3758335695 2143.6315949370
1086.8802338839 2158.7840676308
1099.0464746952 2165.1430547237
1106.3484687072 2161.8940035502
1105.9530250954 2143.7764023290
1103.6591441543 2122.2967130167
1108.9031845331 2115.5370076497
1126.3876824543 2132.0522324792
1137.0049079259 2135.4132095973
1144.8712925757 2133.5957973234
1151.0421951612 2128.6706765493
1162.2392208345 2133.0447966053
1156.6120876985 2106.7086668576
1161.8186550982 2100.3520488739
