287 2
-1175.7040850141 1863.1878617135
-1135.0515951281 1810.6448041356
-1250.5916368961 2008.2194221020
-1235.3614878654 1997.0405912399
-1198.6920764813 1950.8196035257
-1187.4816566706 1945.6859872891
-1177.8461818512 1943.0803748278
-1163.9366195752 1933.3395545299
-1197.5207807971 2002.8988859233
-1072.3175491605 1805.9984142818
-1136.1936236185 1927.0163471737
-876.9010570314 1497.7666735649
-562.8555530594 968.2171533978
-556.1368749255 963.5223254325
-557.3519827828 972.6044724858
-548.1248365508 963.4639857307
-544.2008839713 963.5794872329
-539.9088386505 963.0401352095
-535.4144317763 962.1291037590
-531.3857046385 962.0475172997
-527.5009728613 962.2273558662
-523.4919758070 962.1815227327
-519.0409232700 961.3162629188
-514.8041721374 960.8376045076
-511.1990334496 961.5395135350
-504.6077332799 956.5915351822
-503.0444690159 961.1724085278
-498.4972245163 960.0793359772
-494.9169598875 960.8460210619
-496.1796030402 971.1034715176
-495.3563123941 977.4126668771
-491.8519383127 978.4920551560
-488.7759441679 980.4486578161
-486.2411905419 983.5328210484
-484.4968831930 988.2814454251
-483.6134588132 994.8819543495
-479.7922780116 995.5004463593
-478.5693543298 1001.5673949605
-475.8476605338 1004.5762850392
-471.3018493993 1003.7533461101
-468.2708647516 1006.1706588382
-464.5013208427 1007.0301937679
-460.6001561596 1007.6173629080
-457.2894483332 1009.5187605373
-453.8701346942 1011.2132742291
-451.2151985887 1014.6582060390
-448.5152458388 1018.0656985631
-445.3792326034 1020.5386952748
-442.1654494982 1022.8791426099
-438.6858627910 1024.6440266806
-435.7848101192 1027.8078374409
-432.5919561699 1030.3390573283
-429.0644189373 1032.1156216449
-426.2802331678 1035.7340574265
-421.9524303421 1035.6373865096
-418.9890883272 1038.9220222594
-414.1273647547 1037.5187849176
-411.7384146130 1042.3461350184
-407.5211007444 1042.5980772291
-404.1038992859 1044.9243481197
-399.8875693669 1045.2122215241
-395.9667488696 1046.2872300829
-391.6822170454 1046.4143393532
-387.9537662816 1048.0465453769
-384.0028705105 1049.1079262325
-380.3721988787 1051.0784739354
-376.4136996534 1052.1782788019
-373.0212752781 1054.9046917567
-369.6558764057 1057.7730451311
-364.6457654143 1055.9473908137
-360.6364419536 1057.0106998323
-358.2214566450 1062.8304897793
-355.9937056948 1069.3574616166
-353.1409142509 1074.1476388205
-349.7960624241 1077.5442255868
-345.3727582144 1077.6635029959
-340.9246177443 1077.7073906314
-336.8396393714 1078.9156748403
-332.7327881541 1080.0854346109
-328.2519415021 1080.0564964612
-325.9256283442 1087.2137906059
-322.5111090948 1090.8907103160
-318.5479934253 1092.7901097706
-314.5980390291 1094.7900367162
-309.8791991511 1094.1336347211
-308.1844509658 1104.2937666683
-306.6304657194 1115.2718710521
-301.0794056786 1111.8253185636
-299.4266738967 1122.8909643870
-295.5661307252 1125.8955077519
-289.7743341469 1121.5217737924
-282.1140346073 1109.6560803671
-275.6215267711 1102.0668650430
-272.9169116134 1109.6229534301
-266.4470374584 1101.8668848371
-260.7407513119 1097.0533537486
-254.5667021048 1090.0661491212
-249.5937482232 1088.0627064478
-240.7637231407 1068.8622716873
-235.1183207735 1063.3455136466
-230.2111817731 1061.0207811234
-225.3358051890 1058.7548471632
-220.3744105876 1055.9868055677
-215.5116952601 1053.5891472347
-211.9038301328 1057.3538352573
-207.7198161019 1058.3418456335
-203.4138001147 1058.7374426070
-199.2518310509 1059.9167441565
-193.2579458706 1051.1848207504
-190.9944358326 1062.8086139285
-186.4947306143 1062.2436581431
-182.8440936903 1066.6043510040
-186.7447219930 1116.3208214742
-186.6613536600 1144.1408698521
-185.5721367257 1167.0838878268
-181.9661810758 1175.0024954478
-177.2259431226 1175.8305799393
-172.7012859993 1178.1761568101
-168.6064418819 1183.6755275726
-159.8462395627 1155.7712164418
-152.2441177436 1134.7765112823
-145.8435737424 1121.6860303172
-140.0648719416 1112.6743234121
-132.1975879891 1085.8936628630
-125.8570941728 1070.2100812003
-121.4502507518 1070.4244278198
-116.5834479943 1066.4475356660
-112.2864516718 1067.5750119346
-108.5408182645 1074.2518617348
-103.2884389889 1065.9495068759
-99.7572409158 1075.4616490819
-95.1069882789 1073.2346953348
-91.1472786895 1078.9638107473
-87.0239322384 1083.2465688388
-83.1535829509 1091.3151350427
-78.4540307917 1088.8031088576
-73.7989199709 1086.6391585798
-68.3394240385 1071.5812376954
-63.6131190803 1066.7271932890
-58.5246068425 1054.6217933297
-53.6758164875 1045.2324703336
-49.8769786209 1056.4351244406
-41.8645232317 971.9644316605
-34.2900785076 880.7772495026
-29.5464569437 849.2520423163
-25.7945428494 841.5647883748
-22.0341506518 831.1564869351
-18.1055887939 809.3774952787
-14.3511773398 787.2583985329
-11.2811788917 800.7168451945
-6.4516601774 648.5130548477
-3.7534832768 646.2688612938
-1.0769831840 645.8794112716
1.6007206898 647.2808153201
4.2857608009 648.0367624241
6.9525279696 646.5114213171
9.6220947037 646.0220888257
14.4842776780 760.9352959527
20.6104761032 889.3295959993
24.1662504617 884.7000584006
29.6726840670 943.3011140512
35.8617216425 1007.4457672178
40.9642514229 1030.8807815115
45.8411042940 1044.7496273080
51.1772677887 1065.7921223079
54.7254332544 1049.2137217003
59.0218427341 1048.3643281751
61.9209579503 1024.5124374827
62.4208585001 966.5678831247
69.0377306031 1004.6182819035
73.9941713400 1015.5549943447
76.8793533471 998.4165294604
89.9439531689 1108.4794302781
173.1097023189 2029.8455429077
204.7223144251 2289.3783942513
213.9032859551 2286.1922163712
194.9135322983 1994.9476061723
201.8044122348 1981.5042850218
190.4301903233 1796.7738712706
166.7902953923 1514.5547856455
175.5764364368 1536.5665753682
103.4971046551 874.0874868015
107.6101749426 878.1181696862
111.8833898079 883.1494876317
116.0541623831 887.0793022807
121.0963299705 897.2243280322
126.5969557582 910.0611198623
127.7911612845 892.0933047067
154.4056101457 1047.6052855190
160.4680687189 1058.9884665277
170.3111397532 1094.0521932565
188.2052994808 1177.6779902225
198.7551609675 1212.2842669487
204.6102526287 1217.2558267911
209.9233604357 1218.8415312376
215.1496665132 1219.8606325734
219.1566571830 1214.0782390322
223.1221253437 1208.3303162030
228.2417981871 1208.9480691486
232.8729575116 1207.0073002861
237.7300756791 1206.2946141712
241.6326727659 1200.8675128695
246.0102393987 1197.9721321000
242.9505964884 1159.6907560642
247.4804136616 1158.4183321549
250.6966691236 1151.1625975979
252.8362478251 1139.3259193586
269.1728130859 1190.7252961514
288.7418636727 1254.3178550781
297.2488235081 1268.4576607520
299.1070368311 1254.2267253524
305.0216256545 1257.2005627484
312.0838493623 1264.7254045667
316.7683064938 1262.5249882539
318.9183514227 1250.4587401043
324.3064899336 1251.2715523893
334.6292038377 1270.7984711115
343.2012515910 1283.1753831284
357.2890693322 1315.4831454158
362.8889017917 1316.0384500280
367.7145121049 1313.8111270204
358.3559021354 1261.7085586701
364.2768870507 1264.1270724790
370.0388787048 1265.9331421767
372.3925266128 1256.1914026737
379.2786766898 1261.7969153062
387.1257389491 1270.4034605116
395.4190549985 1280.2240499910
406.8882216107 1299.9310926958
413.1445937297 1302.6870909859
426.1968188426 1326.5239187315
448.8044506625 1379.1166993610
465.6254384878 1412.8298129676
478.5039149365 1433.8921477210
483.5476611020 1431.2483038542
499.9768564514 1461.9601439027
512.9433441162 1481.9332003593
574.1379386500 1639.1217959555
580.5503145645 1638.0655389083
587.2449615063 1637.8209590912
594.6733042598 1639.6048605442
601.4904215932 1639.6822690964
608.9974626899 1641.6177392006
611.8967384100 1631.2268286943
614.3667697906 1619.9310029425
620.1270652372 1617.4610742303
625.7903575897 1614.7935761346
624.8445610205 1595.3086465597
634.6127264043 1603.2993539851
633.6003693667 1584.1704130173
640.8113241196 1585.7832977327
647.5588133780 1586.2281827603
653.5908266649 1584.9291288247
658.4380531715 1580.8114035655
642.6793922812 1527.7900170472
559.9275523966 1318.0969845165
503.9582432441 1174.8909894026
471.1664359157 1087.9409622688
427.8158091980 978.4879230935
395.3732408228 895.8030229523
398.3968411173 894.2644383226
402.6674738056 895.5276090848
408.5850669787 900.3970943964
410.0702518509 895.4991717187
417.5457197522 903.6532205249
422.9937455957 907.3135919041
493.0516826728 1048.2765786232
534.0731337903 1125.5836940947
599.1065629891 1251.7218466789
604.9436269298 1253.0772875226
625.3583535315 1284.3489883438
744.8561976353 1516.8724834919
747.1762337992 1508.8744913378
748.3871377284 1498.7878895575
755.8531049759 1501.2911039014
765.7856100895 1508.6126268887
766.5998022402 1497.9977511591
778.9585234657 1509.9311547895
789.4427031279 1518.0698377745
798.8234349975 1523.9748248348
803.6471546865 1521.1616333793
808.5177512396 1518.4802384604
815.1754215360 1519.1706456244
827.6582051207 1530.6231004220
839.0575482928 1539.9130747236
848.7058458505 1545.8734565311
848.5531906287 1534.0263694525
