292 2
-1143.6530619251 1812.3952612585
-1139.5030410922 1817.7457999210
-1144.4648981094 1837.7994871140
-1138.6473178864 1840.6959557533
-1132.0490360260 1842.3609256744
-1131.2646985054 1853.5746002197
-1120.1527966903 1847.9042305396
-1115.3451554915 1852.6274293077
-1109.0333127975 1854.9002408981
-1100.5802011490 1853.5983943939
-1091.2001013756 1850.7060647011
-1084.0822815895 1851.6368722916
-1077.3309159279 1853.2112693787
-1073.7649488449 1860.3270840645
-1068.7409663200 1865.0014305115
-1064.7177195549 1871.5028309822
-1060.6420672670 1878.0067648206
-1062.3073042655 1894.8468529448
-1056.9665967202 1899.3479986580
-1051.6966921943 1904.0447789796
-1046.4388837620 1908.8345887710
-1038.5867804289 1908.9289704959
-1032.1933763723 1911.7264623443
-1027.7404102186 1918.1888451179
-1021.0081798335 1920.4647243023
-1014.4770381351 1923.1574957569
-1010.3230699897 1930.4349943995
-1006.6990790268 1938.8492802779
-999.2003329098 1939.8762484392
-995.3176329533 1947.9970708489
-987.8355873128 1949.1485257943
-983.3610653877 1956.3021237652
-979.4453320404 1964.6954362591
-974.0653900390 1970.2676509289
-966.9048278890 1972.3018534640
-961.2441722383 1977.4562881348
-953.0467543196 1977.4358754462
-946.1812516476 1980.2026013111
-938.3420766668 1980.9621217403
-933.2496790176 1987.5849840489
-928.7308391104 1995.5581046165
-922.1000114213 1999.0956187248
-916.9248847858 2005.8816904607
-911.3062257352 2011.8127180182
-904.3696043284 2014.9167568787
-897.4618134291 2018.1434517321
-892.1947051650 2025.1548756724
-888.7632657652 2036.5055799484
-883.5877659528 2044.0391457599
-875.8335204228 2045.6952038019
-869.1780100698 2049.9750090682
-862.2278091700 2053.6373231722
-863.9298785817 2078.1856666912
-869.6363485137 2112.9574221234
-863.3983284235 2119.1193949093
-863.2543710775 2140.5187096707
-855.9893925082 2144.5215832103
-849.7074706988 2151.0970538313
-844.4975804199 2160.5544957248
-835.3689150377 2160.0813811476
-831.0223695907 2172.0973415808
-824.9758135441 2179.8841953278
-823.7133608308 2200.6244493085
-827.2632415905 2234.8291097685
-826.2454908948 2257.3286932568
-823.3907610871 2275.2669855606
-830.6068496572 2321.7712044716
-818.7636852264 2315.4648482800
-824.8151663022 2360.2147530287
-818.8917254790 2371.3605709565
-813.6049784147 2384.6430044908
-810.4624228600 2404.6135743459
-810.1928050701 2433.7107829559
-812.4948831705 2471.3632082328
-804.4390739539 2478.0687613365
-814.9485684730 2542.8766946535
-821.2939364570 2596.2177753448
-810.7315517134 2596.8172020382
-801.2616038322 2600.9789671217
-785.5881816811 2584.8426487711
-776.1145234108 2588.9414880011
-765.0836341911 2587.8879626592
-753.7334958712 2585.7092407015
-742.8910467360 2585.2345360650
-731.8118711313 2583.9100744989
-722.7072897885 2589.6217160755
-709.7396320767 2581.4546876483
-696.8544224898 2573.3423497942
-687.0750817988 2576.6255259514
-677.9499451319 2582.5043055746
-682.3841824251 2641.0507454592
-670.4339350973 2637.0580741337
-667.7138630082 2669.8398800457
-662.3944219421 2693.1568314047
-650.7514382110 2691.1219358444
-638.6769694441 2687.2006865109
-627.7688899461 2688.1348806269
-617.2408172062 2690.7593522753
-604.0477752686 2681.6493238722
-594.4079739707 2688.2679666792
-584.1750843184 2692.4058096749
-574.6602296829 2700.0782421657
-566.5353238583 2714.7155509276
-558.7541682380 2731.6258839199
-546.1604084287 2725.2211298261
-538.0904744653 2741.5952752618
-528.2393168001 2749.4041428846
-517.8536597420 2754.7137456782
-508.4984004498 2765.8671631533
-501.0238789460 2788.0000296761
-492.9352095898 2807.6787555919
-484.0738168534 2823.8005357630
-474.1471825224 2834.3525366350
-465.3331348390 2852.2597370726
-452.6337249713 2846.6640385714
-443.0483001651 2860.8769720251
-434.3701759353 2881.8903416395
-427.7571476996 2918.1790426373
-416.3211118430 2922.7181375027
-403.7350798026 2919.2140325904
-392.7102824673 2927.1304979920
-379.6787690371 2920.1174899936
-369.3544343114 2934.1489672661
-360.4958509245 2961.1747572499
-349.9448357090 2975.7121762922
-341.1362940265 3006.6683523117
-330.0110250711 3018.7770589705
-300.6990581751 2858.9272635324
-280.3188680034 2774.3761978651
-270.5267169758 2791.8692482145
-256.7670448468 2768.1510203924
-243.8509874046 2751.7361819744
-233.3083204925 2761.8074208498
-221.7321094126 2760.0516229868
-210.5772875249 2763.6353343725
-199.1186607629 2763.4146064520
-181.7507196854 2676.1563289456
-162.5564440730 2548.9303810256
-148.8346711891 2495.8057897847
-133.1058026450 2398.5856364413
-118.8614540512 2314.5963833446
-106.0666830041 2246.5789151746
-95.4845838769 2216.8560111245
-87.2669931324 2241.5458304541
-75.9726070932 2183.6761009125
-67.6525137046 2207.2100319513
-58.0748815089 2190.6592011452
-43.5668421223 1947.5766232139
-34.4272640650 1888.5665051639
-25.2459100898 1791.9071489765
-18.0902777938 1818.4127919376
-10.6168479987 1827.9922253945
-3.0386495870 1822.3137310573
4.4894112048 1815.3758915988
12.0776551776 1826.2252472341
19.6832498768 1830.3336203098
27.3369800920 1835.3896458944
35.1740314315 1847.8768931495
42.3915157781 1829.1683040167
50.2500512637 1839.5995289087
57.5340562500 1829.0202468634
64.6397506020 1815.8928297815
71.3816113929 1796.3450766624
77.5641066107 1767.7382295782
83.5926652236 1740.8589372095
90.2199962043 1729.7269680670
96.4079847825 1712.4286357846
104.1528511792 1723.2597092787
110.8866777075 1717.0462817477
117.0490598137 1703.2660766081
122.1665441990 1676.7110521143
128.8722592321 1673.6378431320
136.0311936248 1676.4637882059
144.0236369769 1688.7888931761
152.5411165009 1705.8440123995
159.6810501069 1706.6665093104
167.2239284153 1711.5434226782
173.9718861257 1708.2185397545
179.3004927483 1691.7613770099
182.1019497390 1653.5936966538
197.3500996828 1727.1199524403
215.9160404750 1823.5245295193
228.4851213917 1864.4792412718
240.8679699411 1901.2869109913
257.5030376514 1968.2673191031
272.4715278794 2018.7901804845
287.0138605004 2063.2419923077
304.6718006198 2126.8737734975
321.2775925795 2179.7919405831
338.8981762631 2236.5151150473
353.8085222244 2272.8107643127
360.6084968363 2256.4757154101
380.3884565830 2320.1357245445
382.8929591747 2277.8852837426
399.9593406916 2322.2144191915
410.8185755710 2329.2687882980
412.7357041836 2286.4623308182
408.0197891364 2209.6539048048
412.4574617103 2184.6990717782
419.1801132900 2172.6586903845
397.2047733910 2015.5042585205
370.5376394921 1841.5001763238
378.4860404762 1843.0766769358
382.1491110019 1824.1354257633
393.6191344703 1842.4715642576
405.2912344535 1861.0383446018
414.8442354053 1869.3632557988
424.6105246923 1878.3267302947
435.5508853228 1892.0680498466
440.4670689255 1879.6165995300
444.6093780654 1864.3525455679
452.0457000644 1863.1862578569
448.3795464039 1817.0661788720
460.7082951069 1836.2182235718
620.5726467511 2433.2261962049
772.3682530415 2980.0279751802
772.1342858745 2932.2816540555
796.1583634218 2976.7106118656
882.2858261340 3248.4400597486
920.8176625626 3339.4006959030
939.9727715386 3358.4388538643
968.0086771647 3408.1895263107
983.5181757808 3413.0409856637
986.4765431570 3374.8166250146
1004.4617782468 3388.3500617483
1031.8626683691 3432.8350813492
1039.0622097513 3409.8177474478
1045.2125118329 3384.0205210906
1062.9946334021 3396.0672702108
1080.6796632964 3407.4932953407
1110.6206893921 3456.7712306976
1128.2663663228 3467.0132954915
1151.4940460523 3493.9352114995
1134.0577165286 3398.3347256978
1143.5889403025 3384.8984320958
1146.6040372849 3352.7339935303
1148.4261751175 3317.8925514221
1160.7290705045 3313.7965361277
1181.8196979062 3334.5914709157
1196.2389534917 3336.2997318136
1210.7320818408 3338.1727317284
1202.5641983953 3278.2287679870
1182.9556473370 3188.7833332193
1148.4238258724 3061.5292335379
981.1846362917 2587.1376614822
940.8830200371 2454.0803495206
938.7979429019 2422.4804639816
942.0561989148 2405.1908346323
954.8931503907 2412.4627724672
961.2701061444 2403.4324242518
961.0527589917 2378.2685279846
977.0290652911 2393.2822545369
988.5831475258 2397.2708200797
994.3821858137 2387.3630548135
1000.8741235122 2379.2975437947
1009.9877119064 2377.5607378055
1031.5403248134 2404.8568700489
1059.9774045329 2447.5275701092
1092.9429531097 2499.7474440822
1061.9027482139 2405.9687852859
1127.2571682930 2530.3062465456
1203.3159865273 2676.1601765951
1102.1855115891 2364.1671180725
1092.3485245023 2322.4408513024
1100.7330573123 2319.8455520298
1103.9003229141 2306.3946056366
1113.9232470439 2307.3752109821
1124.2868716900 2309.0388132976
1133.9900493622 2309.3293905258
1215.0112951503 2453.6374106127
1300.7731896180 2605.0462111449
1311.9351267815 2605.7927548885
1355.9582412243 2671.2642192841
1360.7118010521 2658.9404284954
1373.9505350590 2663.2620751858
1426.9004583359 2743.8780963421
1555.5191223438 2967.5794564761
1671.1109547779 3163.1168990300
1735.2373003960 3258.9557394385
1856.3312925398 3459.4811722636
2080.0207148899 3846.6697497801
2269.0397626475 4164.3437209882
2578.0297517776 4695.7468191783
2923.6433085273 5285.4033077464
3130.8618068695 5617.9642677307
3282.1463902791 5845.9936459859
2836.5598320961 5015.3502358331
2188.7972029773 3841.9087366624
2232.1065902710 3889.6595358849
1604.0854007006 2775.2485871315
1636.8415314576 2811.7783234037
1639.4353129647 2796.3448943514
