295 2
-1257.2051286697 1992.3460255278
-1232.5654384938 1966.1997632777
-1226.8235505895 1970.0522879337
-1218.0685641918 1969.0854447953
-1207.5855021781 1965.2932527217
-1199.0044193065 1964.5660101099
-1191.0038552386 1964.7864838864
-1182.9356893580 1964.8976782535
-1172.7202800994 1961.4190725570
-1161.8155214522 1956.7309803433
-1158.2995171243 1964.5085436233
-1118.0276591727 1909.6163485913
-1144.8435783386 1969.3457294018
-1124.8844938075 1948.8930955846
-1100.3767414527 1920.2072728764
-1135.6955899133 1996.2638484107
-1225.4238923391 2169.7747139704
-1297.5830603869 2314.5102904393
-1394.7538878467 2506.3450658644
-1456.7988225392 2637.4621323177
-1422.6943955702 2595.1714235194
-1404.8871187603 2582.1912849651
-1420.4960220000 2630.9022061965
-1393.3611897861 2600.5885040059
-1387.1523466977 2609.1633565498
-1364.1879243009 2586.1090561923
-1354.1017770767 2587.2966541963
-1347.8809209431 2595.9474759943
-1338.3050035028 2598.2238194522
-1362.5196323675 2666.6705678491
-1383.1539154053 2729.1711886724
-1378.1906366348 2741.7775139664
-1407.9184207049 2824.1809931668
-1381.6095807336 2794.6179780093
-1375.5998719822 2805.9619773518
-1371.7400594191 2821.9218904322
-1363.9418898207 2829.9845709945
-1357.6622984626 2841.3650917284
-1347.8607156060 2845.5092256719
-1338.6297298200 2850.9416291208
-1329.1918942423 2856.0262665604
-1313.0168336810 2846.5959953539
-1322.7724848372 2893.7213637612
-1289.8377071727 2847.4642218965
-1356.2621586025 3021.7239856720
-1376.6337517769 3095.6686158334
-1411.1262917519 3203.0556281408
-1440.0406325305 3299.6985294201
-1461.7249232072 3381.4671406379
-1478.1817388535 3452.6074314117
-1458.4242057800 3439.7248268127
-1447.3604679108 3447.2948646545
-1441.2568521500 3466.9472694397
-1436.6796159744 3490.7037258148
-1449.3196805318 3557.2010676066
-1500.2600039755 3720.0328281948
-1514.6668354670 3794.7149435679
-1529.4961680969 3872.0322350661
-1609.0900193561 4116.6804703799
-1687.0175827117 4362.2586613610
-1721.4960200446 4499.5863551185
-1722.5366660527 4551.5642393203
-1744.6743190289 4661.0546827316
-1745.6957519054 4715.9494876862
-1737.8855705261 4747.9581117630
-1727.1329854664 4772.5683262474
-1705.5904112364 4767.5872852928
-1689.6896676013 4778.4447920950
-1630.7130455971 4666.2975152334
-1497.8967441453 4337.6348151101
-1400.1970953412 4103.9205922021
-1390.8603390058 4126.6338030497
-1350.7303279989 4057.4131853440
-1326.6024059720 4035.1225137711
-1276.3576971160 3931.8106306924
-1241.2779510021 3873.1484413147
-1166.9914987352 3689.0130572849
-1143.5771319601 3662.9397206836
-1176.3571004073 3818.5781935851
-1138.1192803383 3744.7854677836
-1107.3444336653 3693.8492059708
-1087.5272655487 3678.5504722595
-1071.0409069061 3674.2435741425
-1056.0097837448 3674.8767662048
-1046.2129926682 3694.0099430084
-1024.2456531525 3670.1011180878
-1004.9528908730 3655.2000617981
-993.7202239037 3669.6076488495
-978.0752587318 3667.9160118103
-964.3568205833 3673.5096454620
-954.3733310699 3693.7380695343
-949.4388961792 3734.4850540161
-957.0781159401 3826.8567371368
-962.6707434654 3914.0174674988
-962.0373177528 3978.4157085419
-962.7988433838 4050.9268379211
-1039.0996461113 4449.4718313217
-1142.8880989552 4982.2318987413
-1176.2316293187 5221.8397988213
-1163.5131372346 5262.1015442742
-765.9811292376 3530.3320237568
-735.1479024479 3454.1399949475
-617.0594783560 2956.8164117875
-349.1148980600 1706.7457309791
-335.9694815043 1676.4143253818
-342.8686215054 1746.9311001755
-321.8818154363 1675.3451866763
-304.4399910030 1619.4633742174
-245.2616099268 1334.0475261211
-179.7076602067 1000.0021727312
-175.5401554861 999.8481859241
-170.6409142131 995.4182420458
-166.2537784330 993.8302560458
-161.9582635070 992.7232729064
-157.1052677575 988.0525715767
-153.3582713760 990.2738508631
-149.0819858653 989.1055151820
-170.7078488100 1164.5768341564
-169.4633733067 1189.6915005313
-197.9718375951 1431.4390886575
-215.1826591026 1603.8992506702
-221.6954763447 1705.0646190741
-218.5008019723 1735.7687765154
-211.0634700410 1733.7115369146
-203.5221655349 1730.6253226077
-204.8563675447 1805.5397770622
-204.2898919720 1868.7425462099
-205.3157436721 1952.0606005445
-191.7221140245 1897.5150585175
-180.4810267687 1862.5865983963
-174.6606508891 1882.9794406891
-162.0099287141 1828.2008929686
-149.8478998741 1773.8375001483
-168.9701173455 2103.2869269451
-168.5350979678 2211.8698284030
-163.1053654898 2263.6138008487
-143.0265370079 2105.9689332138
-136.1242976217 2134.4669461250
-131.1824385856 2199.7958477153
-146.7779280947 2644.9592674480
-144.6806068222 2817.3743530556
-142.8023155617 3024.6696264847
-124.5251484215 2891.0878764258
-111.4992456217 2863.9770808973
-145.7857105293 4190.3099637283
-135.5530124158 4422.5107669830
-117.4585433169 4430.6872541254
-98.2217565179 4390.8254341646
-80.0239829266 4389.8526274640
-60.3623003699 4284.4023605188
-43.5871395927 4381.3265103560
-23.0486452241 3968.4795791453
-6.2279743364 3734.9891435532
9.0348099891 3653.3913725898
21.9696352089 3321.9612620094
33.5778516601 3122.3842799664
46.9307081075 3150.9016156197
60.0085243069 3152.5634075033
74.3094706222 3206.4087139933
88.0910765666 3224.9182004195
103.1175221388 3278.1285689427
120.6582896411 3389.5941972733
134.8409408873 3393.3229663155
149.4742713191 3406.6192236814
165.0651159386 3437.5632603963
180.2732153581 3456.2564079578
194.8455916001 3460.9080644754
209.5272529584 3466.7305396153
220.8641973280 3420.0145290011
231.6088103331 3370.3084358802
244.4624299040 3355.1973012777
263.3724898100 3420.3650093079
276.9155788880 3412.7388825783
289.9725425243 3400.1530742645
305.9061210264 3420.9015044299
311.8981644511 3333.5586786270
323.2509543498 3308.4860940774
344.6794711053 3384.3851586183
364.0493309056 3434.9297240928
389.1899464307 3534.0755250719
408.7748360634 3577.4148464203
411.8125484540 3477.9736353801
396.1469950499 3232.6299526073
373.8948596375 2951.3322455542
344.3281153838 2631.9292684396
339.6629704670 2516.6235403581
308.1005811691 2214.8270964622
320.3090772033 2236.0355854034
331.7464187741 2250.8204102516
341.3163304329 2252.4733662605
349.3314453147 2244.0507086841
360.6912168590 2256.9932937622
413.0706563592 2519.4770197074
550.4982019624 3274.9929812647
609.0160546934 3536.0240725910
632.2223128694 3584.5888961445
656.2928892672 3635.7139647007
666.9363658875 3611.8310913444
661.1804701388 3502.1318048239
649.9351831153 3368.6886876822
654.2032255280 3319.5708797824
653.1902561585 3246.2288220723
675.5927420896 3289.8682561414
751.0374039412 3584.9721878767
776.7701650921 3635.9434817967
750.0716863257 3444.2200154969
833.5727830728 3756.2299331029
976.2922342007 4318.7714264943
1004.1224727264 4361.9887095231
1053.7527773691 4496.7067138008
1104.4926302774 4631.3993817284
1100.1014605812 4534.2625949694
1117.7840070291 4529.8398624767
1140.0720562254 4543.9188139779
1153.4369729814 4522.5536028544
1167.5201995032 4504.6426455180
1175.9655589149 4465.8841405596
1188.6506534758 4444.1774913243
1190.5606578697 4383.4603266283
1189.8875465760 4315.1988616356
1205.3450677130 4306.5903098495
1220.0004833716 4295.4087169082
1240.1997607488 4303.7868279677
1261.3331354581 4315.1233746455
1290.1363994764 4352.0159825035
1300.3717660904 4326.1199905759
1288.5765404928 4228.6314850762
1310.6845503762 4243.5230414073
1300.2093916848 4153.9236363910
1293.6938242479 4079.1487477042
1278.4338918599 3979.0844808925
1281.5769856626 3938.1164854223
1295.3482161869 3930.4265867580
1308.8035583496 3921.9807711515
1308.2263252952 3872.2071105784
1308.7907407595 3826.9769419794
1304.5874933402 3769.0546909968
1295.2751684189 3697.9157924652
1270.3324031830 3584.3366050720
1282.3694944382 3576.5171051025
1273.6846017838 3511.7423725128
1284.9021462294 3502.6847307499
1298.0088591576 3498.9215685771
1304.2576588117 3476.9593477249
1298.4926828316 3423.7993104117
1302.7893543243 3398.0311075846
1298.4867413839 3350.6237665812
1261.4343320170 3220.6043427990
1285.1824798892 3246.9128716377
1296.3136357646 3241.1308826939
1281.8940224186 3172.2381730233
1277.1943977901 3128.5525049482
1267.9431282956 3074.7065129487
1018.5084970374 2445.2867758901
844.0198559653 2006.4204768701
671.2075885265 1580.0556713535
575.4736929368 1341.6168017265
504.4762090761 1164.8544656987
508.3821908786 1162.7570069753
494.0695486687 1119.4207006031
499.1087295391 1120.3281437909
504.4150563804 1121.8129959973
506.0332195325 1115.1431517168
515.5489156986 1125.8403412227
521.8358654825 1129.3581402491
614.1905775146 1317.4271905233
655.0901909669 1392.7864551544
657.7272001774 1386.1903202149
680.3860541374 1421.5402300396
695.3812003136 1440.4092510541
716.3590722614 1471.2445228188
739.7380645076 1506.4496050278
779.0169058702 1573.1746875323
783.6110836420 1569.3305700253
793.6042907991 1576.2732687749
784.8223212518 1546.1153137056
748.1207664196 1461.8882032541
764.2126062087 1481.3476971218
1033.8120857875 1987.9833161831
1165.7976061106 2224.0787446499
1289.0542962334 2439.9513764815
1348.6201304656 2532.8485415532
1367.7311340968 2548.9200750987
1405.9618571225 2600.1043039210
1425.0128128949 2615.3103043051
1479.2015486293 2694.2885584301
1514.6561690739 2738.2167066847
1559.6618239696 2798.6302375793
1569.9169556300 2796.2568998337
1576.8225554264 2787.9959525484
1590.2979337808 2791.3867343556
1595.5001693783 2780.3118662401
1607.2020169460 2780.6407177087
1633.3661874135 2805.8083779884
1647.5857640758 2810.2469083035
