285 2
-1417.3293709755 2291.2033001582
-1412.7656675520 2299.2151010604
-1418.7194628593 2324.5686017550
-1421.5001173508 2345.0336884230
-1417.1167398110 2353.8805949382
-1410.1075484202 2358.4582744501
-1404.1081758646 2364.8005143190
-1399.6785970835 2373.8942390833
-1393.6414535229 2380.3708797846
-1399.6383990997 2407.6406466655
-1371.7940364565 2376.6706330436
-1375.3432418619 2400.0362753868
-1424.4180387921 2503.7644792486
-1410.2576857521 2497.0473561968
-1467.2786311099 2617.1977394506
-1458.7555215472 2621.3546934582
-1469.7734767740 2660.9520587054
-1472.9381847382 2686.8223190308
-1510.6604695320 2776.6033411026
-1513.3738449642 2802.9213360378
-1508.6913073764 2815.8422287773
-1495.8819661822 2813.6782578060
-1475.9198857678 2797.9207966063
-1483.0870551448 2833.7501941189
-1458.2199599292 2808.4546488685
-1452.6233866408 2820.1647900246
-1412.1119810475 2763.7307842573
-1374.3212984668 2711.7430832651
-1392.0068840186 2769.2636052767
-1406.6916273700 2821.7201365365
-1382.9729557037 2797.3756858281
-1387.1567994356 2829.5359089971
-1382.7746212482 2844.6221053600
-1325.0792162759 2749.3500845773
-1173.9461192718 2456.8772040881
-1172.9400834522 2476.2290232890
-1156.5381030779 2463.1326714078
-1143.4054857976 2456.8281753643
-1134.0329099346 2458.5621614714
-1126.7148030771 2464.8219765844
-1122.0396853782 2477.0309280705
-1108.9489170023 2470.7152779038
-1087.3021692843 2445.0418820252
-1078.2465789769 2447.4661414688
-1056.1602694147 2420.0778743800
-1067.2044481550 2468.8070161002
-1029.0368339595 2403.5340792993
-1026.3764229086 2420.7308457957
-1019.2458099789 2427.6197420226
-993.0988566296 2388.9019811476
-987.0015108908 2398.1198330183
-965.0778609353 2368.6810119732
-959.6807086790 2379.6167115907
-928.9925217628 2327.4173259735
-909.9879370016 2303.7014849046
-901.5945008823 2306.6307476589
-885.9807182761 2290.9524370642
-867.1446630829 2266.5125382574
-819.1272999559 2164.4302947181
-817.7792512708 2184.7709516684
-807.7218160033 2182.0384830236
-795.6160801213 2173.6481771237
-790.0340088776 2183.0926480747
-784.8528118237 2193.8762509305
-777.4211401525 2198.5480552134
-763.5472390963 2184.8960881648
-754.8752504846 2185.9805687614
-746.6719241246 2188.4649603263
-735.9717656737 2183.6024082225
-726.9637532856 2183.7018546851
-724.1927561435 2202.7748796073
-719.9147094128 2217.6920813183
-711.7892822554 2220.9897096767
-702.3758505072 2220.3021049500
-690.2931729952 2211.0465367635
-674.9638534254 2191.0032961104
-671.3865850030 2209.0819230894
-658.6781367660 2197.2004592419
-657.2852566838 2223.2610046864
-656.1134121357 2250.8201415722
-664.2965787166 2311.7285870217
-667.5783130858 2357.1117321650
-662.7642512321 2374.8324116071
-644.3429645151 2343.5948491096
-642.1101766248 2371.1829031667
-641.7882750774 2406.7937546763
-642.0925480348 2445.9132883284
-632.4213043503 2447.6780062136
-625.6240115446 2460.8044904821
-584.7486165854 2338.1050733420
-565.3782685598 2298.7095713615
-560.0510487954 2316.0389860471
-561.7216587067 2363.4151458740
-556.3317418098 2382.2377522786
-571.1713119557 2489.9269405164
-565.8481905335 2512.0636162005
-550.3175434741 2488.8646927747
-550.9076267481 2539.0792868354
-579.1226123509 2721.0450297908
-582.9873698098 2793.5501643590
-548.0625645110 2679.3570079302
-543.1591489831 2710.2455061835
-517.7286957440 2637.8511064931
-510.8875459746 2659.0908640309
-495.3231419388 2634.8630378121
-485.2995008994 2639.6817366282
-475.9039382140 2648.2174946712
-467.6729119138 2663.7888205679
-460.3689295404 2685.5202282176
-446.7143986906 2670.3650951385
-441.1929743364 2704.2925953865
-429.8452045768 2703.3445164561
-411.3426413387 2656.1453789473
-408.6482059211 2711.2343236804
-386.0345305875 2633.5453912616
-388.8924513012 2730.1595136523
-380.8947374423 2754.0664513906
-357.9283962647 2667.8780158361
-357.4681232373 2749.2949167887
-353.4289151430 2807.6367457708
-353.9508759975 2907.4132045110
-328.9182605222 2796.9153448939
-318.1089951712 2803.7129219841
-305.2785764722 2792.5368827932
-289.4653248436 2752.1214064430
-278.6766211776 2758.1225212883
-266.8136814061 2753.5502559998
-253.4745055086 2732.6549291611
-232.9225266973 2628.4139702717
-220.6059579427 2611.4421801435
-205.4216284808 2557.0239134737
-190.3295652255 2497.9024137321
-183.5110412055 2546.8084796055
-168.8471398267 2486.1598469709
-158.4569966564 2484.6498889801
-148.0368447343 2482.4270558985
-135.1681204513 2435.7489109039
-121.5381502833 2366.7198695788
-113.2155280095 2397.9973062873
-98.9602537205 2297.5502851463
-89.7845779767 2306.2126494589
-81.3833426957 2339.1965322378
-74.2527849351 2422.5484788418
-71.4450471691 2694.9990015281
-64.1078757912 2865.8262671846
-56.4682334041 3097.6616243521
-47.5545496059 3375.3324250380
-36.5749259865 3676.4671987501
-22.5558482842 3883.6305418185
-6.8159253290 4087.5901627541
10.2088191421 4128.1235263898
30.8402475979 4663.2594441374
51.9243063405 4828.4102320671
73.7531635910 4951.7464399338
96.4644931649 5067.7873209903
116.6509253283 5033.4170924293
138.8320144680 5082.4885633257
153.8794090350 4891.8601142036
177.3918550462 4983.3825111389
201.2672615903 5064.9663493747
220.5437110229 5026.3397693634
225.9952589869 4706.4639043808
235.9073998836 4522.8930528347
255.9512913800 4546.2865783618
289.0701786830 4782.8070888152
298.0075823488 4614.5562198427
361.9599238686 5267.1423373015
386.1747831106 5300.1705904802
374.3365329504 4861.4324760437
283.0899371342 3488.8323978944
290.7457931174 3409.2200862037
296.5796338884 3316.6047899347
306.3539788127 3274.3026018143
312.8240395051 3201.7662066680
322.4545859772 3166.1603865416
322.9286781064 3046.9422958515
332.5601595419 3019.8434812051
343.8114590115 3008.8844034407
354.7692650131 2996.2130784988
359.8305324713 2936.2811565399
375.4588009850 2963.6771448197
377.7888462399 2887.6919312911
387.2651089640 2869.3163394928
396.8165490557 2852.5750461747
403.4367867879 2816.3391964776
421.2577006509 2858.1331276125
437.9390170177 2890.1224931081
449.9596387148 2890.4705603917
460.0654999415 2878.8191397985
469.1154827674 2861.3159894943
484.8642617464 2884.5272302628
485.5407995562 2819.1111626164
513.0405753851 2908.8494539261
527.6912947496 2923.2902447383
546.2295413017 2958.1365029017
568.0737995332 3008.9655999214
582.8398543019 3020.9258833239
590.7269697036 2997.4783774345
593.4914908101 2949.5375694767
608.7490070251 2964.3658668764
618.1970331818 2950.8772194386
626.0157376528 2930.2848353982
645.8500123793 2965.6491971785
649.2169275880 2925.4891127348
662.2362509370 2929.4989407063
678.0077507419 2945.3200909399
692.1358896840 2953.5694891407
702.7807408764 2946.9262323072
714.8412466049 2946.3445767760
731.5566001400 2964.6462086708
517.9535414903 2064.3772405963
315.9394422846 1238.7786161515
253.1087282227 976.5692571314
256.8992085235 975.6085817204
261.0288754452 975.9458095528
265.5375689961 977.6682936868
270.2482093212 980.0714060318
274.2935202338 980.0262654370
274.3705409494 966.0107791424
282.3249250650 979.7343625264
285.5370911055 976.8456428550
286.0374199717 964.8897883139
294.8526112097 980.9254705906
305.9171544654 1003.9069269385
316.4638638496 1024.5956838131
310.5431955594 992.1269187560
317.1327776379 999.9520116382
328.3742368221 1022.0543013679
378.4057021141 1162.7906751633
392.7794871507 1191.7960732071
401.0039269924 1201.6545075637
405.3282776605 1199.7274626856
390.6007986516 1142.1384736896
394.0064486335 1138.3152709288
400.6355570422 1143.7851720386
400.0608889680 1128.8013207285
390.0928497314 1087.9654799189
430.6521793971 1187.3736335681
439.2423068102 1197.3886948365
454.9526663927 1226.3735165963
455.1861843337 1213.4595072788
461.6280210515 1217.1972642342
477.1856274456 1244.6306645870
493.9257479631 1274.5292645234
511.6635227905 1306.3428892809
542.6140904427 1370.8720366160
543.5037442616 1358.9047704424
550.0460224492 1361.1710156713
587.5586032867 1439.2546097438
598.7285599113 1451.8905580044
619.2647442222 1486.7621436715
643.5770818165 1529.9240095275
669.5579991621 1576.1724289726
712.1229842305 1660.1908852657
732.8779792786 1692.2427177429
741.0554201515 1694.9205089498
750.2718017651 1699.9019521933
760.4051988858 1706.8492265848
779.0425372124 1732.5811958313
798.6574649811 1759.9979162216
844.2907719051 1843.7369956690
843.4581070235 1825.4135955464
846.4976474643 1815.7214708626
868.8497633645 1847.2604245851
907.3283997449 1912.2363328934
904.5011016630 1889.7869779218
911.1059177667 1887.2603476048
961.8249184945 1975.3775596619
1026.8363106635 2091.1147132997
1053.3661561854 2127.2053928936
1093.5844125286 2190.1112141148
1079.6786444528 2144.4801160267
1099.3824226516 2165.8048323223
1125.8349401610 2199.9721288681
1128.5257663046 2187.5313384192
1159.3879188810 2229.4611522130
1198.3281426570 2286.1396249603
1197.3058476168 2266.2877545637
1136.7768552154 2134.9848918617
1111.2993867958 2071.0307885619
1100.5229231189 2035.2432938183
1129.3200424739 2072.6286309106
1171.6340394581 2134.0703298064
1181.5997907094 2136.1126695360
1408.0381223134 2526.5592847552
