206 2
-2868.4914906820 4637.0992660522
-2858.8765462240 4652.6981194814
-2827.7786076069 4633.3087682724
-2680.5029782382 4421.9974171032
-2606.8417827288 4330.0556341807
-2754.1332244873 4606.3920656840
-2726.9364297390 4592.7093327045
-2661.8782877922 4514.6203935146
-2235.2104920607 3817.7896829752
-2238.7219190598 3851.0216554006
-2165.5283644795 3751.8369108438
-2081.9657444954 3633.1245501836
-1995.1709764344 3507.0028645652
-1984.2451160604 3513.3678913116
-1994.8709540897 3558.2688649495
-1920.1186895370 3450.4151561043
-391.1529532992 1056.6890446039
-386.7664512188 1056.6581203824
-379.1193148446 1047.6164079848
-374.6768993045 1047.3234464252
-369.9193648876 1046.1324869640
-365.2601809729 1045.1947356027
-361.1001202038 1045.6798530760
-356.6401151438 1045.2976416028
-352.4237710332 1045.6289544938
-347.6059848354 1044.1618627972
-342.7419487446 1042.5171549358
-338.5071546312 1042.7688473747
-327.2631393104 1021.1562426364
-328.7643443366 1039.2671764874
-322.4935509540 1032.9643752840
-367.5792988609 1297.8634133058
-375.1698434353 1344.3173865477
-388.7513803273 1413.9608784420
-384.0078231023 1418.0631759215
-379.4468690952 1422.9776561260
-379.5477239923 1445.8053112030
-373.8656712741 1446.9828373048
-371.3405339254 1460.6160190370
-367.4444636783 1469.2189661232
-363.3285832816 1477.2178469033
-363.4341727285 1502.9481719522
-369.2761531898 1553.7104776927
-367.7821854750 1574.8599767685
-374.0108651774 1630.4385662079
-381.0610651970 1691.7074918747
-369.2433498800 1669.9390177216
-360.6144386743 1662.0366126299
-362.0668059046 1701.1942755092
-349.0852250585 1672.7413790567
-342.9727315903 1676.7180507833
-337.3573081060 1683.3392706784
-328.8629916581 1675.5718079480
-322.5655181841 1678.9037747817
-315.8151111820 1679.9731341275
-308.7905726650 1679.5995842327
-302.0836212418 1680.9760678898
-295.3429617665 1682.2254766117
-288.8667859814 1685.0780920549
-281.3851584088 1682.0615421642
-275.7485373454 1690.2008121664
-269.5053059746 1694.9489580260
-262.2782841877 1693.5984094938
-261.6061986639 1735.6633131321
-255.8195768368 1745.2129977090
-254.0532455725 1783.5416478269
-253.5310966725 1833.1613242626
-251.1984897511 1872.3491628965
-245.9332066632 1891.4775167193
-241.6180922933 1919.4123770880
-236.0100681809 1938.6271644722
-229.5335994826 1951.8102910784
-223.1339169873 1966.6323714786
-215.0612927296 1967.2739830884
-208.7243930860 1984.4686686993
-201.3010330671 1992.3196615175
-193.8110788663 2000.1543760300
-186.7573624238 2013.3915039209
-177.4208533603 2002.1054132565
-169.9899616274 2012.2708919886
-164.7484130932 2050.7364995552
-159.6044729794 2094.6635161677
-155.6053239675 2159.5265297663
-151.4498035495 2229.9958559183
-146.9106674194 2303.6002601896
-140.6921288281 2359.2636440739
-133.3274075697 2402.5789622603
-124.2275882978 2419.0914258361
-116.2026338279 2461.2666368484
-105.8648847044 2457.8543901443
-95.3730195761 2449.7577502177
-87.1340655114 2504.4892352560
-79.9395098634 2608.0817865289
-72.5208284414 2735.5788687001
-65.8241301775 2942.5482511520
-43.1399208804 3061.9903246562
-30.3742180268 3053.1795740128
-18.4037687257 3168.7320073446
-5.0825340854 3048.0551565847
7.5332078662 3046.1909770966
20.1412637628 3045.4987864341
32.7341633458 3043.9302536749
45.3165510426 3042.5280177075
58.0232026055 3048.2640385628
70.8339015643 3056.4400468554
83.8628512236 3070.1274102734
99.7709400952 3171.7400312424
166.2865743041 3789.7829055786
190.9769202272 3977.1895805995
205.4948403190 3939.8135443528
222.7237857878 3956.0892482599
241.5337782839 3996.2941356327
258.4674034430 4002.2888494575
277.4280465168 4037.0574826780
296.9040170960 4074.9474401059
316.6183991866 4111.8588014082
338.3402905681 4169.7438630191
366.6249116262 4298.9615485782
393.2092104639 4397.1985862369
411.8057702269 4401.3683682396
445.3427523375 4558.1003665924
471.6585531831 4631.1844825745
494.0344482660 4661.3836526871
523.7038254738 4755.5412769318
566.5923733460 4958.5635536595
599.8678164823 5066.1992345537
637.0808084806 5198.6926396688
671.8137689999 5302.9495647975
736.9354793004 5632.8889983041
850.2205610275 6299.4359016418
912.5805113997 6560.2213995797
894.4758445024 6244.2183335622
844.6966146722 5731.0652312110
873.6949449076 5765.8379709019
897.0597412656 5762.5717415529
922.1809716786 5770.4658788793
946.2178840357 5771.3472422431
952.0378533532 5663.8101339340
910.7720765628 5288.0576158825
843.7096896497 4783.6849852042
868.4023754163 4810.7524460012
1023.0037089851 5540.1335888439
1258.2837854113 6664.8604188647
1272.5626655987 6595.8384105137
1253.2628854116 6359.3312263489
1277.1050453186 6346.9643592834
1272.3696402141 6195.9346703121
1270.8128452301 6066.0477638245
1354.4910113017 6340.1672681173
1388.2449706395 6374.6188163757
1428.0206203461 6434.9196434021
1472.7733305522 6515.0282042367
1550.6938355310 6736.3386494773
1558.2242562221 6649.4510723994
2020.0367298993 8470.4927964644
1431.1774969101 4184.8426659902
1431.6322505474 4087.2052907944
1453.5494327545 4101.2969970703
1231.0467425146 3433.3783199913
1253.1641566235 3455.1644325256
1288.1017094073 3511.4067741062
1307.0914175199 3523.4046086021
1296.0266678230 3455.0167373989
1315.1306354481 3467.6694559014
1506.5686545874 3929.5432944047
1559.3054605567 4023.6420942389
1463.4010146062 3736.2513244152
1535.1538459460 3878.4459630648
358.0151295662 895.1335930824
364.5285268625 902.0802557468
364.5644105714 893.0190226127
367.7807143240 891.8521097212
371.7287946970 892.4653025774
375.2795592660 892.1219025339
378.9011050354 891.9518319043
382.4196898124 891.5449963375
385.9832483259 891.2497853691
389.3274624239 890.4584944248
392.2353697860 888.6934894582
395.7878600578 888.4081828351
395.7437866926 880.1294028759
396.6898743122 874.1837096593
402.0926668530 878.0779677724
391.2380375559 846.7180804601
392.2150675897 841.2939177619
390.2981636070 829.8124576372
393.3434968903 828.9895142828
396.4083426529 828.2215812850
401.4763307004 831.6161168946
404.4609406932 830.6741177059
1410.5266836973 2872.4861970315
1269.1828134732 2563.0332842851
1213.1408605465 2429.5457740163
1259.4577739405 2501.5611288159
757.0092862561 1491.3230935733
556.7249069611 1087.8853102525
916.4806829309 1776.5037383673
929.8633841368 1788.0937434160
945.4136227186 1803.6358310626
889.7329431314 1684.1067878100
839.5630529052 1576.7865431936
865.7473242074 1613.4170419291
908.3068551762 1679.7700354031
943.5285882516 1731.6476215016
974.5257014924 1775.0477993742
1008.7841320783 1823.6940875649
