283 2
-994.7738508383 1576.4600813389
-990.4555469751 1579.9838523070
-986.2263441086 1583.6975514889
-980.2992234627 1584.7161829472
-969.6689675252 1578.0943651994
-965.9031740690 1582.6301433272
-960.2360530146 1584.0912666814
-955.9909767575 1587.9345492080
-946.0047793388 1582.2288298607
-935.9466031842 1576.3223041659
-928.6429789331 1575.0046094259
-917.8251277569 1567.6659068396
-916.4702865813 1576.5008237627
-922.7740043818 1598.7311490746
-914.8139564358 1596.3918189613
-911.3941593812 1601.9990192010
-951.3536148838 1684.4971435411
-945.6285400824 1686.7259068923
-936.5129943552 1682.8952472785
-930.3060595332 1684.2730476938
-929.6035766602 1695.7124594984
-918.1937198890 1687.6457615903
-878.3897701299 1626.8666352866
-835.5650064793 1559.5100357177
-880.1034587734 1655.4300650111
-904.8963785172 1715.4239988327
-898.1848359108 1716.1713052880
-899.1717229719 1731.7572650702
-908.7613066848 1764.2953201216
-904.3989473460 1770.0545593184
-904.8081111908 1785.3227877617
-902.8829494301 1796.1986454166
-905.3773387619 1816.1204846009
-898.5145999627 1817.4490793185
-885.6851800959 1806.6292240265
-893.9285236736 1838.9755986458
-885.9122340069 1838.1413387698
-876.8888034604 1835.1848423481
-870.1106770472 1836.9167772206
-860.7581774394 1833.1964837180
-853.7519690783 1834.4514680945
-857.5098433278 1859.0653186495
-874.7378164216 1913.5925048276
-866.9441051972 1913.8782605147
-885.3968832944 1972.6459174543
-898.5843929377 2020.6677985914
-920.7180864883 2089.8988644282
-916.5170337215 2100.1003763892
-934.4289614396 2161.6521342234
-911.5429282188 2129.1021505992
-904.5218613413 2133.3342340257
-896.0173858537 2134.1166655223
-886.2313641442 2131.8319506115
-877.7708729108 2132.7218956418
-869.3217211299 2133.6577627394
-861.0668645965 2135.0945737627
-852.6782486174 2136.2261480755
-843.6769657665 2135.8304209179
-834.6290628115 2135.3069914712
-793.3065215747 2051.3172308604
-826.8898365109 2161.2958797189
-827.6488810778 2186.9474172592
-815.2010043462 2177.8829362657
-867.3811554909 2343.2065986452
-880.1476766423 2404.5911533077
-881.8761649586 2436.8791012537
-879.0012881869 2457.0467472076
-869.1520407086 2457.9632111958
-867.1833276749 2481.4515397662
-905.3768387863 2621.8056111109
-921.8175326075 2701.8096049627
-941.4679320420 2793.3022975922
-932.9011812806 2802.3103177547
-924.4074318558 2811.7672502995
-917.0329738408 2824.9134272337
-910.8112339051 2841.9961160229
-904.7610971235 2860.0684289009
-896.3528640809 2871.0669317553
-892.0829949840 2895.7946915780
-888.0665744505 2922.0301335858
-876.3810434649 2923.4078622633
-861.4505510176 2913.8481386246
-854.4044812520 2931.0646533966
-857.5933992863 2984.3946695328
-846.1375971635 2987.5758488973
-829.5241673787 2972.3704655965
-813.5773738225 2959.1317892075
-798.9113847415 2950.2180496852
-785.9968264898 2947.5955883662
-769.3009833495 2930.4864565531
-758.0888072650 2934.0525309245
-743.3095909655 2923.7042739987
-727.5179760797 2908.9653287615
-720.2087369832 2928.2177650567
-713.3662756532 2950.0597715378
-703.4832373742 2959.8696847116
-695.8904703458 2979.8345327377
-686.8919789791 2994.3920850754
-680.2633742491 3020.0058778127
-680.6670272792 3078.3829424116
-668.8326639788 3082.5842789241
-655.1669279734 3078.3442020416
-643.4063235919 3083.0648342768
-628.8791835308 3074.4516054789
-616.6434557207 3076.9161716584
-604.1697225263 3078.2720504269
-590.2630269527 3072.2280025482
-579.2059957981 3081.0765186946
-567.2317743301 3085.3346665700
-553.9173920949 3082.3315620422
-540.1899218559 3076.8339633942
-527.8308808804 3079.0533622106
-515.0864124298 3079.0786822637
-501.9672294458 3076.8084367116
-489.2529716094 3076.9665479660
-476.5724966923 3077.3513237635
-463.4645571311 3074.9211311340
-451.0254661242 3076.9165595373
-443.2303220034 3111.6301377614
-421.6478592716 3048.7326942384
-414.8962457975 3092.4971898397
-410.6561736814 3158.3653976177
-393.0999765793 3122.7832873662
-378.8472096125 3111.9159380595
-364.4096841415 3098.7122853597
-353.6565512419 3117.0179605484
-340.9713079532 3119.0363089244
-328.1403839588 3119.8284784953
-316.0867273808 3128.3783992132
-302.6855637630 3123.7524986267
-290.0415986776 3126.8769661585
-278.9905637503 3148.2686996460
-264.5722945531 3131.8974574407
-254.4039130211 3166.7399803797
-245.6334973204 3223.7161439041
-239.4605633514 3323.2889010988
-225.3267847829 3317.7844418420
-209.5762150628 3514.3796716418
-235.1811768280 5460.1777659522
-213.2933321926 5478.6667293972
-190.0059928497 5461.3308641646
-167.8551856209 5476.3913996079
-143.9337697294 5429.3668535021
-122.8488087654 5491.7330741882
-100.5002733539 5513.1145084605
-79.0191582021 5608.6309657377
-56.1518375488 5644.3146817824
-32.8417514615 5654.6411794775
-8.7779533998 5264.2412715488
13.7912406148 5576.7414780224
37.3652088456 5649.8787403107
75.6584123841 7035.4307038443
133.3413083445 8952.4613293734
188.4191393852 9898.6487388611
235.1149320602 10145.0673209296
264.3849343061 9678.8437843323
299.4571059942 9519.8070526123
340.0054812431 9551.6075134277
392.9211530421 9888.0086474948
410.7376903296 9360.9885215759
484.4618207879 10089.1587999132
485.1582676172 9301.6112327576
509.0481042862 9041.8703772805
545.7586212592 9029.8421166160
577.7254754847 8945.9023042159
611.8776364760 8903.8769115101
647.7683349089 8890.4889713634
685.0945190950 8897.1832448786
718.9575921405 8860.5144674128
751.9911744378 8817.6799253984
788.5855815627 8818.6322992498
793.6412746256 8482.4154593728
845.4067544504 8652.7711694891
900.2591642466 8839.5856510509
980.7292602279 9253.5155036233
1022.4808692932 9284.7324371338
1022.3321589557 8946.9944347035
1066.1906329068 9004.5407035134
1077.6103409854 8793.4921438044
1113.6582006108 8790.6404842030
1000.2670245511 7645.7074199404
901.9930853563 6683.0275619731
1026.5696962674 7379.6496232351
545.2329450183 3806.1994181739
461.1995750003 3129.1292243534
473.3440637589 3123.7735271454
484.1885609286 3110.3517498289
512.2321446737 3205.2473028501
506.3021143277 3088.1315390269
519.0345942974 3087.8114402294
530.4990445866 3080.1444193896
541.8263924749 3072.0599450563
556.0158809026 3080.2020470301
567.0754154523 3071.0284471512
580.8077355226 3076.4145056407
593.0895447731 3074.0512530009
605.2889982859 3071.3693141937
617.6677763462 3069.6890830994
622.3236899222 3030.4692022262
640.5549069246 3057.5994173686
649.0793324286 3038.2420401419
649.8168074723 2983.8641484578
676.7186149955 3049.4166240096
688.1604436785 3044.1783145070
702.5067657232 3051.7458170652
716.2155192345 3056.3251972198
723.6588988453 3034.4732850790
733.8241394609 3024.5859101415
742.8577506181 3010.4444026947
742.9134665114 2960.9869104443
734.6662048138 2880.5798328284
735.8595024456 2839.1662944447
731.8653771372 2779.3551647302
736.3497057269 2753.0954653217
754.6801657388 2778.6157347939
768.8782688449 2788.3833015666
784.8893530441 2804.3396256187
799.5144182985 2814.9506829002
808.1120252609 2804.3401096806
826.7791849194 2828.4789432179
840.0515390165 2833.7451472427
848.4793359583 2822.7492462505
865.3330783690 2839.7030061291
873.6870115803 2828.6829225479
889.1995222338 2840.8246655618
896.8081608895 2827.7276946652
904.2729850738 2814.5206205307
913.1834141670 2806.0918238855
922.3361745957 2798.6100566003
936.8701442595 2807.4394195311
937.6026641938 2775.2016052123
944.5577263832 2761.9393640949
962.3874387433 2780.4121663493
955.8432121431 2728.8624009778
917.0003110363 2587.3840701195
904.3219703085 2522.1459444831
901.3132291871 2485.0578308105
892.5187289715 2433.0348152863
902.9555352111 2434.0131471032
911.9298175762 2431.0709802728
906.1794936657 2389.3679320812
908.2361672606 2368.9284239497
916.8737573283 2365.9071354639
920.2196293099 2349.4392577992
917.7403761582 2318.5991915790
903.0358102587 2257.8310940001
876.7236432304 2169.5835460787
869.8477472948 2130.7361825653
862.7267246661 2092.0745134354
863.2924662696 2072.6362148921
865.4368903902 2057.3335144255
867.9934049195 2043.2991331274
877.6368552988 2046.0576685992
879.4732378288 2030.7366739620
880.9435221884 2014.8685057958
879.7448303389 1993.2509375655
890.4731551806 1998.8072421816
889.8167543941 1978.9417346319
898.6825505892 1980.4227802489
899.1370995839 1963.5087596046
889.9952981207 1926.1294815275
897.2645097309 1924.6154255337
902.7125990909 1919.2561610885
892.1513513821 1880.2500236325
870.9166472958 1819.6185327345
879.9413502216 1822.7062424024
899.0882595380 1846.5302586555
901.3709199840 1835.6090290793
899.7330201997 1816.9531468992
918.5008221659 1839.4729762242
925.5346238613 1838.3160591125
934.3938050848 1840.7740918073
942.5889543125 1841.8947117669
923.0322020394 1789.2031942095
934.8739150323 1797.7288083026
940.4645030563 1794.1939959655
940.0622182422 1779.3711788125
937.0761447483 1759.9262396495
946.2315762043 1763.4084582329
950.6352613954 1758.0497311611
953.0333888072 1749.0916710633
963.6678774402 1755.2708364883
972.8412909328 1758.7161491502
