157 2
-484.6416153014 877.4196580052
-475.8196515696 867.9542030607
-505.9527754784 1096.8961566687
-507.1180875485 1109.3808504251
-510.5139649276 1127.0179567915
-511.1633471080 1138.8613632747
-505.3445091471 1136.3800577819
-502.8340112079 1141.3615725257
-496.8337561403 1138.4412084307
-492.0361629791 1138.2470726967
-485.8587845679 1134.8263871285
-478.0753105879 1127.5508953975
-465.0368175723 1107.6156009327
-223.7146071025 604.3589200292
-223.3507809314 617.1828508377
-222.3232697163 621.4537790843
-221.1916502565 625.5303099751
-219.9627468362 629.4250451028
-220.7898279031 639.3669327100
-219.5093192988 643.3728602197
-217.6774380838 645.8413039937
-215.2087604627 646.4583203197
-211.9036410004 644.5466503501
-210.4595282248 648.3190442835
-209.4281017780 653.4766299384
-206.4965502782 652.7626406063
-228.1571129958 805.5861095587
-272.9150440012 3787.5777993883
-223.8048464060 3752.9793083668
-206.6613187393 3724.0665223863
-167.6570624113 3551.1134862900
-151.0795376131 3507.5985363552
-144.5960154136 3714.1029437383
33.4072422702 1755.0581581891
40.7258288004 1757.2949260473
49.4523884356 1810.3979635239
56.1054426432 1783.6043071747
63.9094218898 1795.3760715631
71.8299758678 1807.6283250536
79.1014129686 1802.7744653613
86.1666686833 1794.4638274965
93.7478428707 1797.3639696836
101.1104993522 1795.9561628454
108.4594336503 1794.5142002667
116.2583816684 1800.2254710053
124.9196639945 1817.7969840265
184.1787037750 2527.8153452608
228.3414880696 2965.4244874653
291.0344706428 3586.7416974037
390.6994995016 4581.2547848775
385.9912216663 4316.4809226990
386.8077909946 4134.1906070709
391.7262846870 4009.3338319233
433.8759274586 4260.1992047351
448.6374673636 4233.0476512080
434.5570698380 3946.0359414419
471.0178148746 4122.1376037598
503.1448541717 4249.3229562586
556.8269216097 4543.8067362859
573.9910086760 4530.7875596560
573.2386995245 4381.6454410553
586.7814743519 4347.5686931610
623.3498104241 4481.0432454814
422.5240051746 2949.5845924724
397.1398499879 2694.4992759011
440.9208148718 2909.8004847765
466.1185592413 2994.2729605569
488.0102995564 3053.6812053007
498.2531709330 3039.0379599163
603.4164925416 3589.8114840190
526.7784510340 3058.5421834673
733.6227297783 3802.4508357048
748.2303806714 3796.6852528708
761.2286465509 3783.1587110247
663.1783346335 3229.4150458442
726.6550660133 3468.5865491629
744.8879539967 3486.7077112198
761.2466432832 3495.5337806181
727.1406153838 3276.6273121039
1057.3230070226 4677.2229390986
1170.3399240971 5084.0506315231
1198.9654976389 5116.3767731708
1312.4431014061 5503.3850789070
1418.9376235008 5848.4022915363
1404.8420664142 5693.1475681417
1477.9556617141 5890.6017541885
1478.7862300873 5798.2274815440
1502.4814978242 5797.0234304667
1636.2289985021 6213.7952168783
1662.4211470286 6215.5305862427
1692.9726174900 6233.2635607038
1683.1086417039 6103.8947900136
1657.9926371574 5923.8597075144
1667.1100874742 5869.6035861969
1719.6117937565 5967.4603343010
1692.1413209703 5788.9532777998
1629.3316263902 5496.2231359984
1544.0578021501 5136.8228259840
1562.1175515024 5126.2919024417
1559.3433003677 5048.5902334514
1610.5394300662 5145.3694795307
1658.5631872478 5229.6191014742
1777.3254447513 5531.8684313032
1932.9735856307 5939.7722043489
2114.0257252587 6414.5091374715
2104.8538386822 6307.4373271730
2166.3394495845 6412.1283292770
2140.5661947587 6259.1347273658
2190.8434256911 6329.5170813799
2234.8939739168 6380.4587125778
2369.2978938421 6685.1489226023
2629.8405207120 7334.6019157997
2667.5381293664 7354.8088440528
2549.2728551229 6949.4000911713
2302.9836018880 6207.9383399751
2255.3899004346 6012.5382060096
2208.0391334451 5822.0451500105
2153.6761569977 5617.3767185211
1551.6851033483 4003.9785362425
1687.5504516065 4308.5336983204
1595.1232279048 4029.9539145301
1393.3227092028 3483.6795210838
1465.7188653946 3627.1401643753
1122.8403519182 2750.4543977625
1665.3241352601 4038.3380705660
1822.2339072011 4374.9113353816
1931.9991442290 4592.7861332893
2038.6970162392 4799.1929233074
2221.1719916926 5178.2760686345
2056.9610936301 4749.6002628690
2128.2060414553 4867.5711810589
1992.9211010104 4515.3908885044
2097.4412993951 4708.0372951247
2032.9598266145 4521.2781118310
2211.5797627540 4873.6485299610
2320.1058834791 5066.5779352188
2302.6683500835 4983.4391446341
2401.3298004866 5150.8070945740
2597.6448853811 5522.8497187297
2587.4855518341 5453.2446596358
2644.1553301281 5524.4713094499
2642.4328486125 5473.5225306617
2661.6699960497 5466.4867983924
2691.7417579227 5481.6340870327
2716.7061777676 5486.2139084760
2722.2503914553 5451.8252260545
1405.8611496635 2792.3505928205
1381.7362077534 2722.0473438501
1322.7895521201 2584.8373082968
1195.2868306412 2316.9408316882
1156.9966684889 2224.8628007041
2720.6626335780 5190.4102961222
2674.1695006688 5061.7289145788
2548.8878726959 4787.0759010315
2480.4062578413 4622.5147247314
2417.0002937317 4469.8601828681
2568.4179237911 4713.7890543256
