222 2
-1313.3982568979 2432.5462579727
-1315.5914952880 2455.4380052968
-1316.9261603742 2477.0714205665
-1308.3826851200 2480.3182949891
-1296.8237625586 2477.8548769049
-1286.6228400050 2477.9676488928
-1275.1312835796 2475.5765231880
-1264.4593071293 2474.7507701049
-1254.9703346716 2476.2456288209
-1235.7764526417 2458.4582102926
-1232.2017362243 2471.7062899941
-1205.6435754425 2438.6869167027
-1198.5146497425 2444.7417949375
-1172.2900989728 2411.6166310433
-1146.4304496080 2378.6793916653
-1173.2915350885 2455.5073145664
-1204.7426189695 2565.7960687365
-1208.9656352997 2597.6968288422
-1185.0042451512 2569.0670446916
-1187.1056807669 2596.9341303173
-1201.4176570452 2652.2669241979
-1190.8487156034 2653.1862765551
-1240.9076690674 2790.4581864675
-1235.5429392595 2804.5063935793
-1222.3668648646 2800.9224121387
-1248.4561999639 2888.1039420764
-1269.1414833069 2964.3495082855
-1260.0082073893 2971.7564071928
-1280.7697241123 3050.5122955029
-1273.0985085169 3062.4419252078
-844.7937786579 2073.4565138817
-834.6430857976 2069.5743693246
-855.4153442383 2143.0833737055
-815.7755840908 2087.0724374598
-813.5854075937 2103.7539874806
-813.3187018908 2125.8241763482
-805.7469526927 2129.0745536486
-792.8354794329 2118.1314208291
-798.6960560083 2157.6556265354
-623.1086452802 2022.6757725080
-614.6458557674 2022.3863124847
-602.3705005646 2009.3710097400
-594.4190919399 2010.6168091297
-597.5633064906 2049.9619642893
-375.1243991511 1995.4678842000
-367.6761368910 1999.8948733012
-358.8269211744 1996.7301080101
-352.2059803917 2006.1080058416
-338.2037371397 1972.8807210922
-329.1593385594 1967.6455685071
-318.6989490475 1953.4653765815
-308.5547459126 1940.5352401733
-300.4440271429 1940.0444499084
-292.0489688130 1937.6401936307
-283.1134684384 1931.4131699502
-272.6671823433 1914.2179148538
-266.4459745089 1926.5425801277
-255.4893453534 1904.3317620571
-241.1003150046 1854.3076515198
-231.8539805710 1841.8463543057
-223.9412050694 1839.4914567471
-211.4237134273 1797.8151761569
-202.4811426799 1784.6052885056
-192.8859680891 1764.4251187642
-187.7887736667 1785.4211113670
-181.7148998380 1798.4715253115
-173.1545559385 1786.9764999910
-166.6482921158 1796.5998819896
-159.6067824534 1801.0825599943
-151.4443997294 1792.7362173796
-142.0109222333 1767.7073346244
-113.2992096245 1776.5631794930
-104.9417108297 1759.7655720181
-96.7075679943 1742.6842316142
-89.4104822908 1741.0958150648
-82.6108060637 1749.7642872468
-74.5047613416 1729.7695785199
-67.3561150001 1730.1136763008
-60.1225787153 1728.0996750902
-52.9015427110 1725.9493911708
-45.7541246519 1725.9044205701
-38.6252355658 1726.6710510960
-31.4493192429 1725.2062360446
-24.2913341564 1724.1531544262
-17.1368123826 1722.5716091968
-9.9872214271 1719.5841316824
-2.8196306815 1690.9655332565
4.2509012942 1718.9300413485
11.3181003059 1711.3752762477
18.4567755916 1716.2845200962
25.7158987914 1726.5511552493
32.8709598355 1726.8844335167
39.8918731759 1721.3102579117
47.0336005782 1721.8487638014
53.3187589436 1695.0149999724
60.6281166827 1703.1959758865
67.5089910345 1698.8891475606
73.9425907158 1685.2014357189
80.9237594903 1685.2776098251
87.7303509249 1681.9946765900
94.8001381687 1683.8695840402
101.4840907377 1679.1037450666
108.2152441144 1675.6799244881
114.9662723238 1672.9579264263
121.1501095517 1662.7606878094
127.2566232544 1652.6559064021
133.8301268609 1649.3375845577
140.4987769201 1647.4571774403
147.1650025179 1645.7237809203
153.4105566691 1639.6476346619
159.9080005907 1636.6646357302
165.7819983634 1627.8025648811
172.5775829770 1628.3284295689
179.2278585059 1627.4952358670
185.4068397307 1622.5978813919
192.5846540703 1626.4786900214
199.2231989807 1625.6967535559
206.2549574195 1628.0697291752
212.6620072458 1625.5174455819
218.5075331766 1618.9613388135
224.4774433970 1613.6896300316
230.3035647973 1607.7189004940
235.9638343687 1600.9583887847
241.8816739863 1596.2671330481
248.1211337239 1593.8914515251
255.3367983550 1597.7474004030
260.7020085508 1590.1219411330
265.5740271915 1579.9380893057
270.5561641766 1570.8832403888
276.4810109916 1567.5985191179
282.7107989126 1566.1538110839
288.2045176294 1560.7876291981
294.1468179226 1558.0328869820
301.6638066620 1563.5581612587
307.0347314844 1557.9616702520
312.7203021537 1554.1592375799
317.6874035881 1547.0114662534
321.5969105562 1535.0979424658
326.5973718270 1528.7528193515
333.1438684464 1529.7481322289
338.1835612757 1523.9163678268
343.5596978026 1519.7865686246
349.4593627372 1518.0795475588
354.1525318974 1511.2843435319
360.5659623615 1511.9385504332
367.0159520810 1512.7211474536
372.8319971185 1510.9083777980
378.4170546211 1508.2348057857
385.6631058455 1512.1606922150
390.9156821495 1508.2697480224
396.6981368630 1506.5134199042
401.2471565178 1500.1998901367
406.9494100717 1498.3248435534
411.0606390017 1490.7361489755
417.6881206887 1492.3623629979
420.8778038218 1481.8372597566
427.0718343556 1482.0404201746
434.3195115698 1485.8424334690
440.2911347501 1485.2337171050
445.9906397639 1483.7364828264
449.1170934941 1473.8361490400
452.8448449241 1466.1480241352
458.1733155758 1463.7772834047
461.8656370375 1456.3095039792
467.2794807248 1454.3923721081
468.4826135635 1439.5850896835
472.3816658999 1433.3299849484
476.5590765784 1428.0642309496
481.9850829141 1426.6232498761
484.5322748025 1416.7993426323
488.9830023050 1412.7099335194
494.5820694168 1411.9956046343
499.4829992453 1409.3281295564
505.2895036836 1409.2479099830
508.2161415082 1401.2293082017
512.1432485489 1396.1190122824
519.3880712613 1400.0660404563
520.9978687763 1388.9037895203
525.2894312143 1385.0563993821
526.2111368088 1372.5026158186
534.2904130618 1378.6864995956
499.9970653478 1276.5569231089
511.6984075622 1292.7659373534
501.7074021426 1254.4027079235
501.5050737481 1241.0491610828
500.3510382440 1225.6352603436
505.0510962804 1224.7267895275
516.3237201540 1239.6161179794
536.7662873533 1276.0113080343
523.5567965678 1232.4784206493
490.4484053453 1143.3951625457
522.2758345306 1205.9544757009
522.8284671903 1195.7981261340
513.7568809092 1164.0265911818
505.2477266544 1134.1081001820
517.2231231417 1150.2979857581
533.5409322689 1175.7617716132
549.6336606241 1200.2735868577
580.3144024478 1255.9175040987
598.8476820290 1284.5169723034
601.6035828649 1279.0686313699
623.0924640383 1313.1960187640
634.3842690641 1325.4280559944
637.9899479247 1321.5292788841
645.4509899897 1325.6148731007
650.6694853306 1325.0647087892
658.0693877262 1328.9289241252
667.2395070394 1336.2742755927
664.1869423753 1319.2218824968
668.2755843041 1316.5159641750
673.6190073074 1316.3057963053
677.8343603725 1313.9123462495
682.9337487145 1313.2569524977
2138.1522549523 3865.3816117181
2203.1629314789 3953.3175780223
2352.7431813153 4190.5875639482
2415.8324870196 4271.4579755610
2387.2791131337 4190.2961390359
2318.8870711760 4040.8829017119
2321.7991745990 4016.9744387917
2332.7173519135 4007.1589660645
2327.7047252655 3970.3093338013
