291 2
-546.4285824034 865.9484333462
-540.7787971809 862.6553357625
-534.6498980242 858.5491005112
-531.1406575716 858.6227286320
-527.7436795058 858.8800540677
-522.2681274017 855.7351271311
-517.4847096205 853.6890538839
-506.6550008275 841.5717374195
-502.3865879707 840.2606046425
-497.7139187487 838.2503317114
-494.0854201191 837.9827758722
-491.0931804823 838.7981747824
-486.3828647704 836.6697695520
-484.6733477381 839.7098136327
-483.6705071586 844.0269506167
-479.5352759815 842.9010027931
-478.2193080773 846.7503946925
-473.9349744623 845.3619622049
-471.0106731407 846.3968237241
-467.6609701580 846.6770270514
-465.0210317165 848.2561650730
-462.6435760468 850.3417760607
-460.4898227586 852.8737018979
-459.9494531987 858.4559928803
-456.8828594300 859.3735310339
-453.9804359277 860.6166990976
-453.4465400946 866.4051133489
-450.3146211306 867.2821889321
-448.4947659667 870.7206457380
-446.4291476068 873.7338119083
-442.9695412280 874.0456842241
-439.4711000579 874.2854197820
-435.2900627114 873.1599100052
-431.6414547345 873.0925018825
-426.0729716884 869.1077818946
-422.3472859178 868.8461449411
-418.9908634871 869.3461840351
-415.3745234013 869.3109422922
-411.2564840100 868.2159022851
-461.1578855826 1018.0587820385
-457.7359440534 1019.8262152464
-456.9234562957 1027.4945031042
-451.7547329267 1025.4188855489
-438.8131015003 1005.4931119084
-428.2037392259 990.5809462070
-422.9012032350 987.7755840619
-416.6371987926 982.6477766037
-411.1648764875 979.3044726054
-414.2436899922 996.4643229138
-551.2344737848 1339.3356629780
-559.3181174734 1372.7868562159
-571.6107410413 1417.3614735957
-575.1734241363 1440.9896250694
-543.7270293633 1376.4850378036
-551.6733111520 1411.3957332937
-540.5565240444 1397.7610040934
-544.2190234150 1422.4607348442
-531.7857216957 1405.1700373029
-533.5694739352 1425.4789365375
-534.6149756857 1444.2478068497
-540.1870396402 1475.8080018891
-534.8373009099 1477.9102643331
-524.3607149568 1465.7302762187
-506.3619580534 1431.9923321406
-475.4286741927 1360.4427079360
-462.0829785154 1338.1077320803
-455.6702459470 1335.5508951040
-427.7127519959 1269.0087102708
-400.3110093375 1202.4807073176
-387.7983461408 1179.5650533601
-379.6840288422 1169.6139097214
-367.8239815765 1147.7178655289
-359.2487938942 1135.6325130309
-355.5368629713 1138.8038983421
-351.3352289086 1140.4709068556
-345.7009638178 1137.4694920819
-340.8177500141 1136.8905213372
-336.8779410576 1139.4863848029
-332.5475566089 1140.8161041992
-330.0092957237 1148.4206741506
-325.5493819714 1149.4625449181
-319.9493948902 1146.4501853500
-314.2195292390 1142.8746936413
-312.6286073607 1154.4741708405
-302.0056848590 1132.5626228307
-293.7134289079 1118.8380403651
-286.7195895490 1109.6989126766
-280.9245644344 1104.9774752723
-279.4154040954 1117.2366317581
-275.1493585460 1118.6996102333
-309.6543981841 1280.5469161586
-312.8772707922 1316.4150927748
-309.3435503542 1324.6231249401
-305.5302081285 1331.9084556014
-290.1815394871 1288.2509734482
-281.4805731177 1273.0233143358
-274.1655852113 1263.6023248945
-272.8753125197 1282.1223139763
-263.1594510497 1261.0035393689
-265.5853480101 1298.3881872754
-260.9961046113 1302.3135529624
-248.7080933695 1267.1789852056
-251.1950138401 1307.4312945630
-237.1669388480 1261.6055197186
-227.1395938640 1235.4767214168
-222.1838246499 1236.3652586937
-210.9058455723 1201.2854029493
-206.8351619854 1206.5540842894
-197.3451736361 1179.6881182249
-196.9144261546 1206.9870975282
-193.5052610934 1216.9762009924
-178.2707330343 1151.1400229222
-177.8226527903 1179.7895398405
-178.4767991788 1217.5769773689
-177.1468870543 1243.6324100237
-175.8930993932 1271.7983382089
-171.9722186818 1281.8231302149
-170.5194675561 1311.4688360330
-162.4883789230 1290.8065048131
-154.0482140250 1265.3784513474
-147.3023540444 1252.5671799978
-145.7074953373 1284.2201743015
-142.0017963364 1298.9619544574
-136.3173380849 1296.0511304083
-141.2113069424 1397.5987136364
-134.0723782778 1383.6435755094
-126.9504536282 1368.6259136055
-123.8579864924 1397.6753056049
-122.7867078213 1453.4982783454
-113.2810591110 1410.0870263988
-106.5106908480 1397.8559202618
-100.2673786134 1391.5337690940
-94.2839577794 1388.2674715736
-87.8070830455 1376.8395432886
-81.5837984836 1368.0771810037
-74.2812590641 1338.5589373739
-68.5887713114 1335.6333416084
-63.0468361337 1335.3834542735
-57.0032242043 1323.4381244100
-51.7241489142 1328.5899285612
-45.9485560525 1320.6966006965
-40.5450663284 1322.8108109089
-35.0536541327 1322.2689063925
-29.5652307635 1321.6599999813
-24.2241689314 1328.8582479745
-18.7389507690 1330.0554390465
-13.2343805994 1330.3039073944
-7.7604764903 1336.1866712570
-2.2094346647 1325.0238264308
3.3158302540 1340.8168554306
8.8004406453 1330.6876648040
14.5546198541 1353.4253835678
20.4033437651 1369.8691457510
26.5205986308 1393.2665586472
33.3896184961 1440.7418860330
40.3745390980 1478.0678001501
46.9709414420 1493.2165044849
53.3460850306 1498.6254300101
58.8321784511 1480.5338839690
65.7297945271 1498.0262696743
72.2027332832 1503.6579211553
78.5528879613 1506.0413797696
84.2229858285 1495.9948864139
90.7044196959 1500.7488375804
96.4064449072 1492.8243140705
103.1541201857 1501.0706916932
108.6985001066 1491.8648649435
114.6051932967 1488.3543464445
121.3720172884 1495.8024544101
127.4140734346 1494.0288682138
133.5042183918 1492.9573170600
139.6318080444 1492.3807844039
146.0292546018 1494.6151164270
152.2634296167 1495.0646392761
158.3287066990 1493.8854190611
165.7848069745 1505.4243803024
171.0761643706 1497.1822192592
177.4806637437 1498.9175758054
183.9464984594 1501.0361402265
189.7198062751 1497.5498164854
196.0853881413 1498.8113103374
202.4236691575 1499.7931026643
208.7158736202 1500.3852459692
214.7048375299 1498.8262537987
220.9804904076 1499.2999761335
227.5082980914 1501.4118744481
231.3498987092 1486.1556632178
239.7480832954 1500.2023808418
245.1840280270 1495.4718156737
249.9423699501 1486.9431257248
269.3213136757 1563.7135365430
293.2168911946 1662.4879993890
313.0580911582 1734.2709329995
323.5272256037 1752.0797227820
331.8683321659 1757.8356884993
338.3476239330 1753.6946220218
346.9991543383 1760.7499316054
353.9854119409 1759.2388211556
360.9710909286 1757.7858241099
367.5758490023 1754.5720136391
373.4918304209 1748.2586919137
380.8824431221 1748.9567275317
387.5682458833 1746.4527266997
394.4596261890 1744.9498220726
401.4574338992 1743.9633497485
410.2155941504 1750.5236974469
420.2668195963 1762.2784113884
416.3659101441 1716.1257153466
425.6455240150 1724.9361375968
440.1852907958 1754.4208720878
453.5394385457 1778.2995147364
458.8915163376 1770.5408588785
465.9774870169 1769.6108778969
484.1361441573 1810.1087202791
489.1754472465 1801.0683938077
498.1637746096 1806.6209205266
511.9279058916 1829.0726946933
519.3615355368 1828.5812858878
531.6666066647 1845.0090576862
539.3753862172 1845.2471348277
543.3624002067 1832.9239281741
549.8646811165 1829.3081049261
554.9534528420 1821.1519163230
563.2268791482 1823.5251741894
568.0397100616 1814.7796894375
576.2846114343 1817.0842078694
586.7639018430 1826.2838125229
606.9766208529 1865.1588434974
616.1355258276 1869.5169314742
634.1976060512 1900.4462450109
648.7213745713 1920.1444577087
676.0406196117 1976.7803847790
700.7996424651 2024.6646495966
724.7014220168 2068.9695230344
738.1143733859 2082.6441764832
746.9103530049 2083.1263214350
755.1754989275 2082.1338688455
763.4880585330 2081.2930862109
766.6462983774 2066.5769732517
774.3888994058 2064.4070332249
781.0031759496 2059.3093633652
790.5554211870 2061.9848261074
801.4973216587 2068.1890010834
806.2365417895 2058.4257374639
814.8437700373 2058.6389683663
805.6864155100 2014.4315323931
834.5541022718 2065.2287254731
850.0795351698 2082.3129593058
877.2248554230 2127.2318124771
918.0617904663 2204.1292095184
956.4043531815 2273.5831389825
991.8736115746 2334.9192531213
1011.2856772211 2357.6366689470
1033.2830402586 2385.8892546760
1092.6727361149 2499.1294225057
1111.6788170554 2518.7471996654
1125.1624958082 2525.6044160236
1138.4035421581 2531.7957110521
1158.6442992091 2553.2992959023
1177.6583454548 2571.7351742280
1191.2888701145 2578.1895503020
1209.0661055163 2593.4239374964
1229.0154679402 2613.0083187206
1268.1124981712 2672.6054023294
1293.9752304193 2703.5208326398
1297.9433572654 2688.5535572514
1325.2341964028 2721.7405998346
1347.1615097739 2743.4453025009
1364.9884462357 2756.5066236438
1379.8642964924 2763.4412330740
1388.0751168027 2757.0235588971
1394.5047084023 2747.2014988170
1396.2463456042 2728.3777699751
1400.2191494493 2714.1811006209
1382.4899247714 2658.4781817028
1395.3574960296 2662.0271592527
1399.0145277333 2648.0865671828
1380.9029154661 2593.4789878566
1375.8663346128 2564.0809245226
1387.0883075202 2565.2006777321
1392.6441465936 2555.9044465786
1390.1707922540 2532.1236703454
1407.4038586965 2544.3244154860
1480.2147067826 2656.0717204521
1491.3421392441 2656.3033978144
1499.2674775422 2650.8700698614
1509.3716593350 2649.3401036543
1521.7558320831 2651.8053447499
1535.0224739975 2655.7619902823
1550.6582889292 2663.7321313222
1560.1679188865 2661.1405100141
