278 2
-1467.2235443785 2325.1710324674
-1447.6728246019 2309.3410698143
-1453.0885159969 2333.3920657635
-1421.9756762187 2298.7143119176
-1395.9872463475 2271.9089596168
-1291.7337795583 2116.5028577898
-1241.7632486762 2048.5237109952
-1171.1236089468 1945.2774102489
-1161.8331391761 1943.2099499601
-1159.6705634543 1953.1184282709
-1140.0392750899 1933.5386926929
-1129.2522723476 1928.7882372737
-1119.2900836468 1925.3889371951
-1109.6244901419 1922.4547346433
-1100.7587363323 1920.8738977710
-1090.8541113138 1917.4439787865
-1088.4427994490 1927.2316277027
-1281.5578803420 2285.9260290861
-1307.4136693427 2349.3963936542
-1327.7695814768 2403.8610590829
-1258.2500192427 2295.2044586981
-1283.3021379286 2358.7173338859
-1250.0764344420 2315.2679119791
-1292.3865318298 2412.1279981401
-1306.3939422369 2457.2608828545
-1290.1604799997 2445.7742316382
-1270.3465114940 2427.2645495155
-1274.2809279020 2454.1977671690
-1268.2415246964 2462.2005584628
-1263.4630997976 2472.8009644009
-1253.6033857159 2473.5484123230
-1276.6490360586 2539.7702949803
-1270.4200476408 2548.3693540096
-1265.5577129788 2559.8767863380
-1291.8495893478 2635.1273238659
-1323.5163867474 2722.7169394493
-1313.9038652182 2726.1628746986
-1308.5143178701 2738.5064542294
-1304.0243387222 2752.9649019241
-1303.0698060989 2775.2080261707
-1283.5839833969 2758.0288067842
-1279.5397967100 2774.0183830261
-1282.8677403621 2806.4250395848
-1266.2386420446 2795.3666112362
-1275.3217750125 2841.3905368911
-1270.2052754325 2856.3404276564
-1298.1112137918 2946.5274810791
-1832.4807802836 4198.9329735438
-2018.2200312614 4668.8296953837
-1755.7770483422 4100.9902231621
-1722.1724553542 4061.7807128213
-1936.0041873796 4611.1368196351
-1894.9510049820 4558.3098220825
-1866.6959055539 4535.5152837161
-1795.2011545499 4406.1304012934
-1756.4341675851 4355.2402757829
-1504.1378658069 3768.3365470485
-1087.1231085376 2752.1322714655
-1162.1145935435 2973.1428748683
-939.5563100514 2429.4872158452
-924.4001636634 2416.1649910179
-914.6180697109 2416.7514469313
-890.8130526543 2379.8873424530
-910.9214331423 2460.8294623239
-921.5059340000 2517.5832271576
-1009.4594955444 2789.4287449973
-1019.6887254715 2850.3062486649
-1094.1373924414 3094.2220687866
-1090.0492529074 3119.1840648651
-1062.6196066538 3077.1519184113
-1051.9796252251 3083.3093881607
-1040.4875814915 3087.0901425680
-1022.9178885619 3072.7084795634
-1009.5008899426 3070.5958317066
-996.9434553179 3071.0770837192
-986.7778569460 3079.0340730122
-990.4729580879 3131.0148620605
-954.6368213800 3057.7536271169
-925.3266274929 3003.7069638570
-912.6110346087 3002.7894589209
-877.3450601485 2926.6236443673
-867.4215385991 2934.0450302247
-857.5723325053 2941.9320475671
-838.0158152431 2916.2654206157
-825.7083464414 2915.4434353113
-813.0600862205 2913.3759960532
-800.5460873246 2911.7346405983
-787.0889939368 2906.5603837371
-775.7179569453 2909.0484455228
-760.3815328330 2896.5097516775
-739.2241023481 2861.0399216413
-740.5408928471 2912.8140018832
-721.2139293551 2883.7587535381
-693.9073781172 2821.2819258372
-690.5674576759 2855.7773749034
-671.8519195434 2826.7825803449
-675.4153140130 2892.1589928289
-657.1083555096 2864.5553212417
-670.9671417872 2978.7355793847
-795.0044510693 3595.4851199841
-887.0613396168 4088.3787536621
-1045.5787077546 4912.7191066742
-963.1221863357 4615.0745261799
-913.3173308589 4465.0069366802
-956.9850236177 4775.1462697983
-934.0830266476 4759.1952323914
-906.3273072243 4717.2938346863
-883.6774677038 4700.7073163986
-861.3505780697 4685.1304054260
-842.0840889215 4685.8654022217
-822.5528448820 4685.1272344589
-803.6659777164 4688.1122350693
-782.3574215174 4676.7688035965
-764.6920382977 4687.1803283691
-750.2330482006 4718.2993888855
-714.1771288145 4611.6256032671
-698.0498887244 4631.3107127235
-683.2577756473 4661.2161681766
-660.3959663348 4636.2080357291
-641.5496278893 4638.7365081094
-622.1512285146 4637.3062133789
-602.2532365539 4631.9424022328
-583.5940241814 4636.0667092460
-564.6569550037 4638.1890296936
-544.4294185865 4629.4876280285
-526.6661971807 4641.8707847595
-495.4427736146 4532.0646422250
-473.3560312362 4500.4812195188
-447.7287672815 4431.2680562337
-424.7097912289 4383.0577305385
-410.8617774078 4429.4136592320
-393.0596524761 4435.4811850048
-382.0278261389 4522.2875050136
-380.1516706035 4732.0084798904
-359.7079643181 4720.8398410252
-345.1848143623 4790.5543191092
-338.9012962580 4990.0921821594
-309.7103819251 4856.3451528549
-291.0050332546 4879.8579216003
-273.8506339098 4934.8277041787
-252.9847370951 4926.3873100281
-232.6922001023 4928.6107013100
-212.3990772586 4931.2481127287
-191.5839612484 4921.0384268510
-169.9874424621 4885.9388953761
-150.3461991486 4905.1487069381
-129.4822857568 4884.2382681997
-103.7862524390 4639.5760059357
-88.5437997548 4857.2217037803
-67.0590451673 4759.7247424879
-50.2216093656 5048.2153097788
-28.3389001300 4879.3473745647
-8.1231765645 4871.5640369215
11.8622862685 4796.7334295574
31.5878659879 4776.3044708653
51.3569428340 4775.6513545388
71.1658612678 4778.0362681339
91.0628532109 4784.0107365658
111.9237502939 4829.4422501012
130.1980511500 4766.4085168105
148.6861817539 4726.7663081487
162.0067238808 4551.1753559113
180.9629499912 4554.0006160736
195.3430043326 4451.9987106323
162.4490588903 3383.0825805664
176.4690192307 3383.3210748785
190.2996659279 3380.1619370778
200.6721312091 3320.2182792482
213.0484048809 3298.9893555641
227.0994250263 3304.6890497208
240.6239765031 3302.5153023856
254.9507437008 3310.9934585435
268.6542432223 3310.9252197402
282.2041288018 3309.0623702322
294.8774418661 3297.5694622312
307.6930418611 3288.6144263404
315.7007417509 3231.2094058309
324.8785518367 3189.9611867707
343.1877142617 3238.0932739803
350.4019985939 3181.8579640882
376.6717336008 3296.4628253664
391.2527763418 3304.3354579381
402.0181521773 3280.5396403585
414.8820095829 3274.8635240964
429.7754990643 3285.0605619365
442.1903054629 3276.2669069426
456.4624364887 3281.3483902386
468.9909964800 3273.9644902093
480.7902691620 3262.0474100113
494.9348877583 3266.2593466895
508.8331863798 3268.6650259741
519.6311247760 3251.5457416403
530.9169950156 3238.2671833038
546.7797113316 3252.8711727687
562.6751389997 3266.9629146313
568.7267204811 3224.5801317281
584.1344779935 3235.9727168905
597.3135541225 3234.7848579801
609.7680453596 3229.8111340095
623.6083466431 3232.2336887491
637.5892738501 3235.2680206299
656.0819387436 3260.5999310811
677.5739789009 3299.5161215464
595.1933047988 2786.0097018155
545.9666434262 2506.9993469450
448.8664803834 2022.6736767539
425.1025510686 1880.5032940138
413.0994180838 1794.5370425781
395.2874524726 1686.8204540677
402.6942014694 1688.5922561992
409.4568951563 1687.6489791003
416.6270342740 1688.3885361932
423.3952885324 1687.5019333579
431.3881007108 1691.4455175400
437.6083672047 1688.4240952405
442.7064359188 1681.2359788201
449.6485146609 1681.1649149114
454.9396900194 1675.0176229647
461.3726447929 1673.1956850399
468.9094881926 1675.3717448030
474.7073267187 1671.3616145509
479.0540608977 1662.4310655253
457.8979297118 1566.5061040358
455.0820179284 1535.1277994258
449.2254316807 1494.4981038570
445.2965661647 1461.2985925069
439.1908882156 1421.9414355263
441.0635573523 1409.1148452153
445.0138693764 1403.1741732643
448.8399776201 1397.0000195125
453.5499754406 1393.6990613029
456.8492178879 1386.2004563922
461.0533004715 1381.5993959942
466.7873108198 1381.6395032974
467.4110696429 1366.7359863009
473.5918962766 1368.2438059459
476.8425902677 1361.3506896155
480.4874351100 1355.7307530963
486.8546861505 1357.8333911442
489.8608464097 1350.6209585402
494.2922417134 1347.4565801166
499.5579643855 1346.6118649831
505.2462272228 1346.9122326563
509.1480082936 1342.4955114486
512.2698550186 1336.1399438646
516.1491126295 1331.8745806104
511.7282706594 1306.5081986170
514.0773048477 1298.7760494626
518.1021728213 1295.3940251517
522.1447575660 1292.1251512709
526.8881737240 1290.6393191171
531.2762988938 1288.3217561813
536.1307622894 1287.1698727683
539.7846556845 1283.1866381660
544.7094885130 1282.2728970694
549.8387170216 1281.8533333521
554.7308250079 1280.8942624501
559.9646180395 1280.7348531390
565.5804711675 1281.4440670468
569.8084225730 1279.0247315452
575.3150979678 1279.4938314529
579.6536718096 1277.3802185815
583.8523223287 1274.9992779323
588.1920693413 1272.9663602890
593.7425598266 1273.5665752774
598.7648131355 1273.0331496587
603.9674897043 1272.8892583696
608.2858377033 1270.9002456968
612.8268866312 1269.4066308794
617.5764751813 1268.3667304024
621.9707235457 1266.6207116748
627.6833585330 1267.5662854361
632.7941701526 1267.2909403604
638.5605694756 1268.3222388464
644.5422172546 1269.7607695110
649.8771196320 1269.9122201829
654.5267947136 1268.7330189205
659.3106843176 1267.8306556883
