287 2
-934.0901128829 1480.2920023600
-930.8502314583 1484.9009135413
-927.2814610648 1489.0429538394
-922.2672269458 1490.9037540829
-918.6807341046 1495.1132252103
-914.5558239922 1498.4976166771
-910.5200411812 1502.0752741444
-905.7958472160 1504.5586824417
-900.3835262791 1505.9255611512
-897.1589428763 1510.9960975186
-893.4925853229 1515.3885708481
-888.7362812386 1517.9815233731
-883.9880589579 1520.6252961862
-878.4230595729 1521.8919281100
-873.1096211027 1523.6158742279
-869.0560022990 1527.5793214639
-862.5946592112 1527.3376898687
-858.7518402788 1531.7631999000
-854.3208583457 1535.1976234405
-848.9085779352 1536.9069414624
-843.2863950729 1538.2591910281
-838.6435983545 1541.4321665036
-833.9467634757 1544.5536990960
-827.6023755471 1544.6484565735
-828.8306452460 1558.9885044906
-823.9793332957 1562.0284828089
-820.0642496853 1566.9054580947
-819.9391163002 1579.1594456818
-818.0308705669 1588.1486524970
-812.6341522786 1590.4560360992
-817.1804338171 1612.4201782963
-815.3880368580 1622.1359686418
-808.8498627930 1622.4934531931
-806.3635996410 1631.0528346470
-801.5494545301 1635.0083539360
-797.3876584459 1640.3732719245
-788.0287307004 1635.0470632315
-790.7668341670 1654.9456516902
-787.7152854936 1662.9693905512
-787.0656143535 1676.2500372800
-786.4560621480 1689.8531913757
-786.9896732626 1706.1789262862
-803.2082492655 1757.1131034331
-802.3819369929 1771.3498898915
-810.0657003621 1804.8096075654
-803.3852431009 1806.5912273695
-812.3728389643 1843.9706077381
-815.2572891929 1868.0745444515
-809.5586101214 1872.7845301231
-806.8996716519 1884.6855650143
-806.2169697820 1901.4800495031
-804.7980380555 1916.8522407611
-800.8325721355 1926.4049301756
-796.0154414177 1934.0805195748
-800.0126024510 1963.5458753464
-803.3691517850 1992.0277798429
-801.4545686867 2007.8947647758
-794.7422680647 2011.9486010593
-783.5189053353 2004.5472637136
-778.2797052505 2012.4611803826
-778.2079344210 2034.0528229009
-778.2898125323 2056.5228949894
-777.3139178753 2076.6641985286
-781.0800888322 2110.0665818561
-773.4583291140 2113.1124984134
-762.4830454588 2106.9613532587
-752.6225528934 2103.7839542736
-740.3111417185 2093.6009612950
-732.0698052645 2094.8232087222
-722.7191356095 2092.8624001416
-713.5417095639 2091.3617231629
-704.6521211212 2090.6781391664
-695.6042823466 2089.5022099668
-685.9212571924 2086.3646268845
-674.2573036088 2077.0447307163
-662.6105229060 2067.5376680162
-653.3240225580 2065.2428891924
-648.8657697387 2078.3523113831
-656.0508527539 2129.6096769246
-651.0503915223 2142.1692046252
-648.5497286153 2163.4143840435
-643.3024065835 2175.9641567866
-634.9253072625 2178.1336352939
-625.8987330255 2178.1054337819
-617.6675217492 2180.8847472781
-610.8031329655 2188.6441310247
-602.9739209584 2193.1279613858
-593.4014476481 2191.3114502316
-583.4906172185 2188.1695985794
-577.1325031916 2198.4619696935
-569.7777186121 2205.2267789841
-559.4604824271 2200.5595025562
-551.8994501659 2206.7583174933
-544.0483802841 2211.9866779872
-535.7823598953 2215.6780333746
-527.9763028735 2221.4332705452
-516.8592475709 2213.2147550583
-512.0768873464 2232.3145923160
-511.9154031684 2272.6307845697
-504.7679049213 2282.8619829038
-494.4485774854 2278.8650408024
-486.0959140266 2283.9530909934
-479.9318299061 2299.7301671563
-470.8308563000 2301.7882021462
-462.1552287078 2306.0536442733
-454.1121736169 2313.7220442295
-445.5526216728 2319.0326806976
-437.6002695502 2327.8072171095
-430.1351524889 2339.6272182465
-419.7014919141 2335.4730722381
-415.8491075039 2368.6089217663
-408.9422096045 2385.5271461682
-402.4092318156 2405.5181038685
-392.9610229456 2408.6548365079
-384.7185608588 2419.5380022651
-374.7763244005 2420.0272376721
-364.7395326541 2419.9160306882
-354.3340961138 2417.2835777967
-344.6472982566 2419.5432357299
-336.0859932084 2430.0760344455
-325.5176779471 2426.2994339592
-316.1263136487 2431.3342508517
-309.1316834876 2455.7398871372
-301.9849532529 2480.5561931510
-293.7199634475 2497.6110651686
-285.5384961979 2516.6467847051
-278.9708119300 2551.8865717782
-269.6210857895 2563.4502569834
-259.4585178627 2567.9168502490
-250.4765126440 2584.9486788114
-239.4350734022 2581.2987221612
-230.2039799591 2597.7365507020
-219.3469647850 2596.5387003762
-209.4374350139 2607.0114135742
-198.2996157237 2602.5020463126
-187.8865254777 2607.5324535370
-177.2940542662 2610.5349786354
-163.3154593874 2560.8319453895
-154.4915462534 2590.6658490499
-144.6853809591 2607.2513035366
-133.7393286824 2604.3141174316
-120.3261005946 2548.6050248146
-109.9651897834 2553.0507781289
-99.4984873317 2555.7247833772
-85.7669003308 2465.1928961277
-74.4626495987 2429.3954014778
-63.4472015358 2393.3100246248
-53.7615629534 2403.3131145296
-43.7991545491 2402.6776098070
-31.4460307360 2231.9800424576
-20.8069935982 2091.4937757677
-10.4872552842 1805.6791845490
-2.9423871468 1764.5840097118
4.1581104909 1681.4083456993
10.5375331001 1593.3480940082
15.0278237914 1397.4283451126
21.0901709894 1415.9823485783
27.4186890484 1440.4479690960
33.9458607137 1464.7434055805
39.7712683960 1455.9827108641
42.1195332263 1338.9891933750
47.6712346882 1339.2046528894
52.0641100970 1310.2129021206
57.6379490750 1313.6076756886
62.7327011898 1306.4397685230
67.2000735732 1288.3815552507
72.3699709773 1285.4579544067
78.0353122950 1291.1322927475
83.7175123118 1296.3400593510
88.0371043176 1281.0919971177
93.0450407393 1277.0243160652
98.5601336972 1279.9804210663
104.4133320833 1286.8016866537
108.0817625943 1267.3425213857
112.6472443963 1259.7169354558
117.8653481603 1259.7414612770
122.9710930586 1258.6139273643
126.1762053359 1238.9158828586
130.8804390565 1234.9016261551
134.5113921644 1221.4432082006
138.8672036784 1215.3037637472
141.7486677910 1197.1420563501
147.4329538900 1203.0791352535
151.0741646434 1192.5011564945
156.8088455726 1198.5945075245
160.9539950298 1192.5368773735
166.2488572173 1195.1047525568
172.3855034049 1203.4005416291
177.6072640311 1205.0229744478
182.7688767151 1206.1597867446
188.3680159395 1210.0467443466
194.4090764631 1216.4975838228
200.2972052856 1221.6897921129
203.3282778365 1209.6291704381
208.9265082465 1213.0536811296
211.0737040639 1196.7506276237
214.4668126428 1188.0975687826
215.7169193029 1168.2269981929
220.6922020106 1168.9594668501
229.0851232760 1187.3745111858
231.7518201821 1175.9596256649
232.9225331545 1157.5797994932
240.7881638099 1172.5427097288
247.7739227395 1182.7142238617
249.4763626206 1167.7610681903
251.0482567933 1152.7770411584
256.4581674524 1155.6469555944
267.1284492939 1181.6817483594
276.3183276568 1200.3490158490
280.5427786182 1197.1675262732
286.1926906249 1200.0737926539
292.3109130934 1204.8111110926
295.6317000919 1198.0527937412
302.2659804140 1204.7238962991
306.2019497156 1200.5985445446
308.5964339120 1190.6574419567
315.4589305906 1197.9968372513
321.8011675459 1203.1638405540
326.5724245346 1202.3892005285
332.1541737426 1204.5771280924
347.4952923624 1241.5696445264
354.0278527981 1246.4702526728
361.4328878048 1254.2577309486
374.5165931624 1281.2517715055
386.5078109503 1303.8065004349
399.2897176317 1328.3703199455
408.0529196986 1339.0787094831
412.3071059585 1334.9014712231
421.1197145856 1345.3980271633
425.8429057458 1342.7261698480
434.2073798180 1351.4565205574
436.9879859798 1342.8062582916
441.9532616933 1341.0022148380
447.0114762133 1339.5214319229
450.9065454757 1334.6341583464
457.9276037666 1339.0057941653
460.5296242471 1330.5059016920
466.0159414229 1330.4413997609
467.7554167606 1319.8064179034
471.1585307823 1314.0569539631
452.2896284858 1247.0314155022
451.5797555447 1231.0209870338
445.6117083045 1201.1939778047
431.7799185713 1151.0618329048
435.0058138371 1147.0011870066
720.2711793883 1878.6643044702
718.8687001665 1854.9735546112
984.6832106511 2514.0231053034
1042.9657914422 2634.9713802338
1080.8255314827 2702.3530006409
1102.3797061708 2728.0032104916
1093.5027524829 2678.5904467106
1097.9853391647 2662.5663566589
1111.9062304497 2669.5207632505
1123.6431782062 2671.1465395414
1134.1219681960 2669.7788513624
1140.3205416821 2658.4590099476
1136.0229067504 2623.1194734573
1155.8750797721 2643.6840155545
1162.7722879251 2634.5104376475
1177.3150205612 2642.6689829145
1180.3961185848 2625.1866957721
1216.3693615884 2680.5077032609
1238.4326537450 2704.4522603353
1242.3749474379 2688.7501294796
1225.6765961647 2629.0531158447
1239.9757027626 2636.3108634949
1241.4899170399 2616.4970755577
1264.7922720228 2642.5484589168
1295.6583603569 2683.8204446046
1305.1442478014 2680.4802210435
1319.1766522147 2686.4551739259
1278.5177941506 2581.8847234433
1319.7085658709 2642.9679095745
1114.7194107374 2214.0787959099
974.4425674280 1919.6709156036
959.3236462490 1874.5956581992
965.8875594968 1872.2738753194
973.7230384350 1872.4342703819
980.6695950031 1870.8962655067
987.0602178574 1868.3300566673
993.5779106617 1866.0424280167
998.8326333007 1861.4364108261
1001.8029296398 1852.6762604713
1012.5804770560 1858.3777887481
1021.4205384254 1860.4642999800
1031.3094701522 1864.4157281289
