260 2
-5182.0249160131 8321.3760058085
-4901.8679618835 7924.1820812225
-4832.9121801588 7865.3559154934
-5467.8503407372 8959.0600861443
-5799.0459865994 9566.6247473823
-6440.1592148675 10697.3301569621
-644.0137487191 1291.8443221312
-648.8060979616 1312.3571361814
-645.6165862083 1316.9349908829
-635.2836387498 1306.8954535893
-630.5803192986 1308.3641065492
-623.7295567989 1305.3639280169
-616.9165901162 1302.3911308159
-611.3120305538 1301.9395017624
-605.6504142284 1301.3572216034
-599.4829815977 1299.6678796469
-592.5331173035 1296.2363201838
-585.9158269146 1293.4761821178
-577.3773969166 1286.3848739200
-567.7756837436 1276.7704971253
-562.5613350717 1276.9340825459
-551.8780880504 1264.5694017410
-546.8908624044 1265.1446565749
-541.2027580397 1264.0939950943
-535.1119874016 1262.0731138048
-530.0565768802 1262.4783837606
-524.9441218755 1262.7545216727
-519.3681130334 1261.9098860120
-513.3846184564 1260.0479693640
-507.8067959301 1259.1537085790
-501.8576042993 1257.3105286038
-491.7025542448 1244.7812632909
-492.0445340020 1258.8420141311
-484.0638982871 1251.6834206051
-479.0447904902 1252.1106004715
-484.3513859531 1279.8313811674
-481.6494456359 1286.7699047876
-478.1191632632 1291.6259092669
-474.1352550567 1295.3524438162
-469.7729221412 1298.1185477877
-465.7095490940 1301.7843715728
-461.4456532493 1304.9689682703
-458.2387871212 1311.2537085064
-454.6249013755 1316.5105139056
-451.2634655786 1322.6348275230
-445.4223821087 1321.5525680118
-439.5904716045 1320.4709537446
-435.2774572751 1323.9821233447
-430.4593172338 1326.0268237856
-427.2820779255 1333.2444334787
-422.5864268485 1335.8510808339
-416.6608400761 1334.5873261255
-411.5207389234 1335.8393623715
-406.2098988465 1336.5637196435
-400.5079891147 1336.0035851084
-394.7078492127 1335.0954897263
-390.8607604412 1340.8616001789
-386.3085351207 1344.3400274624
-381.0544284907 1345.4419309443
-376.6222066349 1349.5215328913
-372.2629471431 1353.9893683933
-366.3163582484 1352.7321739802
-362.6443008924 1359.9657169704
-357.4010084976 1361.4421736110
-352.4869339033 1364.2401283438
-348.2549179878 1369.8119946889
-341.6939751496 1366.2561745871
-338.1065527598 1374.6703743935
-333.4267288446 1378.8551628590
-328.5514889127 1382.3635780205
-324.5237355431 1389.6253506343
-319.8685087855 1394.4139177837
-316.5998135583 1405.5339805150
-312.2459853452 1412.1628848333
-305.5925104353 1408.4459675683
-301.9402869164 1418.6859793133
-297.0513138506 1423.4060635642
-289.7482230550 1416.5151592285
-283.2024508999 1413.1183662112
-276.9817359864 1411.2344601798
-270.4523087494 1407.6625506083
-263.6638269538 1402.5552575550
-257.5347253254 1400.8044647792
-249.3321335032 1387.4348685855
-240.3281517918 1368.8700804635
-233.8210377428 1363.9737329786
-226.5515057814 1354.2774480487
-220.4972219373 1351.5378388148
-215.0638354203 1352.5604690824
-208.4666374657 1346.1227662980
-203.2295311727 1348.3550662086
-198.2358630214 1352.3742225435
-192.8032984336 1353.5458152256
-186.4605932947 1348.2067892628
-182.6460456091 1361.3822573707
-179.2887087379 1378.9132833481
-176.0874422888 1398.8373517990
-174.0015558307 1429.2786461966
-171.3785082102 1457.2957432459
-166.3953718685 1466.5566304373
-157.3563883862 1439.4181524554
-149.9905528561 1426.0506437671
-142.5543017032 1410.8906168687
-135.5407686447 1398.7975525406
-127.9210915479 1379.0901551644
-119.2769619062 1345.9807431444
-113.5576763614 1344.2488448186
-107.9783614944 1344.0807239682
-102.7203799727 1348.1115446641
-97.5990081551 1354.5015034852
-92.4900077017 1361.8527672121
-86.9245327878 1363.0009157616
-81.4781486988 1366.3055382926
-75.7089535657 1364.2861759453
-69.9190860778 1361.5386381484
-64.1863617707 1359.5195358450
-54.0200277335 1254.1775604089
-43.6456729141 1121.0856625327
-36.8494762010 1059.1622841986
-32.5423370589 1061.7162344749
-27.3423918946 1031.3901836222
-22.3388336938 998.6170226877
-17.8999897236 981.9345806654
-13.3479831681 947.4147056776
-9.4192365244 946.8102322684
-5.5006922090 947.1005598704
-1.5794000189 947.1846658086
2.3450287214 948.2554367610
6.2578368991 946.2283452352
10.1388396902 942.8046374094
14.0637267512 944.2307792212
17.9431577335 942.6484587400
21.7495729526 938.4809467528
43.1913334272 1581.1875671954
92.5304089748 2941.5619663290
97.1795898434 2730.0185915586
133.0498090014 3348.2484593987
139.4210237225 3177.4990103747
44.6035096215 928.8903231974
62.1783897015 1192.1041905880
74.2100753954 1318.1424538294
94.3133961409 1560.4611337185
137.0268257765 2121.8185424805
548.2897433368 7978.5633954135
257.7716629162 3537.8637783455
203.6638659393 2644.9412189681
144.2035078293 1777.1803197407
126.8333193092 1487.2190649547
125.5664152522 1404.1900615844
131.8321576904 1409.0183462415
138.1062933850 1413.5233031379
144.3375161006 1417.2406045217
150.3220298697 1418.3396914649
156.1553464049 1417.9831440487
162.9006368300 1425.6336405164
167.4406393882 1414.1242850211
173.9986046187 1419.8595746871
180.3284816204 1423.4195755374
186.4906925531 1425.4726398559
192.9975289201 1429.9531399258
193.4588725368 1390.7080027792
197.0107879709 1375.3064076106
204.3671976283 1386.5827299514
212.5165587977 1402.4758046133
216.2518884849 1389.1684015592
227.5219264050 1423.6982983928
234.3179760944 1429.1955573218
239.6896519358 1425.9482149094
247.0026389947 1434.1284982742
259.2038129424 1469.6398562398
260.7713532448 1444.6142411232
270.4276637001 1464.5160840730
280.0861327299 1483.5564453026
287.3231219618 1489.2287442559
294.5485740900 1494.6041540666
302.8033438783 1504.8738809732
313.0380055484 1524.3707614786
325.9069511184 1555.6713430970
329.0389766127 1540.1816166053
335.0994650458 1538.7279616028
337.5108383951 1520.8849736622
342.9924883540 1517.2774205132
352.4998828532 1531.2878177280
359.4245189621 1533.7816399913
364.8962984009 1530.0966709379
368.1331815258 1517.3259954299
360.4056576513 1460.5504049445
371.0382213550 1478.8254201412
379.4911088688 1487.9606940917
389.4305496903 1502.5396629915
397.2694930878 1508.6832376237
410.7084731261 1535.5742375056
438.1103540460 1613.0546132723
477.8234767062 1732.8556463832
499.8791764180 1786.0236730840
555.1444192727 1954.5665502548
558.5320722312 1938.2385872304
559.5313459635 1914.2023064196
574.7472354860 1938.7943564039
573.0703881809 1906.5096344267
578.0356761656 1896.8992139164
586.8360721148 1899.9631955073
594.9685767941 1900.8123304533
516.3337369176 1628.0529779546
411.6079922427 1281.1166562817
295.8193684733 909.0137842090
280.3208370541 850.5670164907
295.5714369074 885.7139019256
310.1878181352 918.1220844641
316.1091360084 924.3207030129
334.0070782876 964.9724303460
352.4534845104 1006.2288989623
388.6343855807 1096.5605999561
412.7831296487 1151.2484767220
465.3452724218 1283.0277949572
517.5526335433 1410.8651618700
537.4776666102 1448.8284901569
565.0628937615 1506.3746770223
619.8054787058 1634.2715300046
625.3534290526 1631.0928331481
639.0107627268 1648.9076018333
640.6574642883 1635.6810241375
580.2888459754 1466.0543135877
485.4067632785 1213.6467511837
491.4996217598 1216.2891987598
495.0546288129 1212.6614361098
497.9407424107 1207.4844837189
502.4925804138 1206.4096164703
508.3821415901 1208.5359535719
514.8488912317 1211.9796011183
548.3329660363 1278.3429225286
621.5471398263 1435.1756459191
680.6958044569 1556.8677435319
744.7607602392 1687.4155203501
791.8018074263 1777.3238306954
798.9823644360 1776.9271284342
811.7364760368 1788.8200744506
802.2542948073 1751.9389878620
821.7428702375 1778.4174266069
835.6930601597 1792.5458240509
852.0205926895 1811.4799571037
863.4987011248 1819.8632391132
870.5638610587 1818.8814411358
876.8186046153 1816.2377902440
883.4268742419 1814.3651815171
890.4630749122 1813.3955934773
893.7148707254 1804.7998803002
899.7558806001 1801.9326343769
905.3052877768 1798.1361425840
912.0903213819 1796.8357668983
917.7606496960 1793.3782152832
926.1976520220 1795.3390836716
933.5932643325 1795.2661602585
939.4761274258 1792.3084100087
953.7023820660 1805.1895824346
963.8041320600 1810.1241776818
981.6434243146 1829.4023976606
1001.9221603870 1852.8967632188
1054.9157536947 1936.0752472511
1191.1261181037 2153.3344586690
