190 2
-249.3977874517 1067.9326432092
-246.4125332864 1074.1947324652
-239.7394049348 1064.3148349993
-233.6386655768 1056.6536307335
-229.0845066309 1055.8280459157
-224.8867497994 1056.6449257044
-228.0156557207 1092.6019924658
-239.2151792502 1169.4702485512
-240.7996777830 1201.5377899696
-238.2936584763 1214.1169644892
-236.9209315741 1233.1369067683
-234.2578347387 1246.1305774491
-244.0122741720 1327.2520355556
-229.7661175330 1278.5577098529
-229.9862528841 1309.9642872810
-231.4240586758 1349.9911737442
-231.1031283303 1381.4860853282
-227.6896190914 1395.6236568364
-223.3934371095 1404.9462832903
-219.1150993109 1414.8826201757
-214.9010300636 1425.7912635803
-213.2151989000 1454.5639327594
-211.0514228161 1481.6539654365
-205.7801065120 1487.8968975761
-339.2153438181 2528.3972471952
-394.7875955526 3036.3197817522
-400.7200792432 3183.3173811436
-431.9722529339 3548.2941451280
-417.6336756597 3551.2958218654
-406.4104533195 3581.9743204117
-342.5898360355 3133.8418182873
-336.2963856795 3197.3725037697
-345.0860623802 3415.3910636902
-351.4062783548 3626.5563726425
-346.1028565653 3731.2614992261
-333.2794428833 3760.8915067488
-311.6559609771 3689.2544414316
-269.0443120276 3348.9790658156
-259.1728186235 3401.4074951410
-279.6947020909 3881.6674454459
-245.8964696527 3620.6590604782
-256.5926765757 4023.4447377069
-232.4278922430 3897.5789053687
-223.5712448933 4028.7858630930
-190.9897606010 3719.1552649374
-180.5687965825 3824.5945274830
-76.6619206406 1779.8521518707
-99.4517249055 3244.6813583374
-97.8606666128 3691.4301845762
-90.8363085579 4060.6724132191
34.2597188428 3185.7907772064
48.0601998667 3226.7350157102
60.1668501539 3160.8811276300
72.9944349400 3149.6658495494
86.3451696932 3161.0024074713
99.9272761068 3176.7099840300
111.9407089106 3144.6954628517
125.3725845238 3155.0482223774
137.7420481937 3139.2340002389
151.4064883408 3153.1155731367
160.9856794278 3086.4695310593
174.6097243038 3101.4722955638
185.8843738834 3075.5475680033
235.8627660821 3652.2627472878
328.0287813395 4773.3856439590
392.4687411636 5386.5539282560
446.8910787255 5803.6836385727
480.8496814221 5926.0456860065
506.1368028323 5934.8466873169
535.9665274620 5993.6318715413
547.1534053485 5847.9599316915
581.5673549970 5952.3645718892
597.5773811340 5867.5731658936
621.6694244317 5865.6632559640
654.4468658311 5942.7655764988
564.1372402509 4937.0773633321
563.0259811878 4755.0505797068
594.7702328364 4853.4309069316
593.7210544944 4686.5262389183
613.1513938308 4686.7246627808
622.9247301817 4615.3606176376
640.5658125877 4604.8030323452
672.9374289513 4697.6877212524
740.0246784091 5020.8910703659
823.3948191007 5433.8886260986
914.7923097891 5876.4830477097
1024.0564028422 6407.9421679179
1094.2147970200 6674.0372862135
1132.8330125128 6739.3866947719
1152.9483199120 6694.1634246281
1212.7516354833 6876.0876655579
1251.0200738907 6930.3678785052
1272.2753626960 6890.0781699589
1299.9846679824 6885.7412338257
1327.0864912442 6878.4418446677
1337.0010256767 6784.2368398394
1354.7140955925 6732.6661859240
1373.6091937338 6688.9310904912
1371.2086836497 6545.2732086182
1398.5625164849 6546.4592661176
1232.7219049136 5660.4795588387
1102.0993122033 4966.2589856556
912.2575720151 4035.5048709446
762.2978091240 3311.4828722818
780.6279574122 3331.1940942492
794.8163407190 3332.8533513205
810.6933747019 3341.4161545890
825.4306231226 3345.0724397387
837.9344003541 3339.7062846592
859.0487639109 3368.2759205500
878.7189920743 3390.3609514236
1058.7782859802 4020.8500226339
1227.4831503630 4589.3660187721
1397.6820376184 5146.0492346022
1461.4644183053 5300.0886970096
1494.1942758030 5338.6227819655
1497.9454341688 5274.0042335109
1593.8580161647 5531.0648366025
1556.0843191649 5323.4912721734
1576.0991573334 5316.6540045487
1592.0928653918 5296.6274713215
1602.0260045403 5257.2566584537
1625.6047675484 5263.1209524054
1638.0260178917 5233.1840364557
1655.7313580262 5220.6899743331
1681.7608381573 5234.4266489932
1694.7354454743 5207.6978432505
1722.8088246451 5227.4542649587
1727.8812726339 5177.7954896291
1752.3572312461 5186.7860953013
1770.2679435412 5176.3618522220
1784.9911848704 5156.9783157772
1808.3067801264 5162.5834570991
1807.4127303229 5099.7484260135
1836.8403116862 5122.9312949710
1850.4561980565 5101.9895076752
1797.2375022040 4899.3273841010
1894.0897915098 5105.7213677300
1901.1513723267 5068.1903362274
1926.1443416278 5078.7592199114
1969.4363739755 5136.8289258745
1929.8492670059 4979.7958825764
1890.6253199828 4827.0100292407
2024.2790673908 5114.1824220356
1894.9672996998 4737.9251956940
1893.7842786312 4686.4518880844
1883.1744670868 4612.9312992096
1901.6797006130 4611.4898681641
1916.8344795704 4602.0331621170
1929.1911959648 4586.1109256744
1931.9806042172 4547.9772658575
1950.6374200185 4547.5718407404
1915.0373651868 4421.8931879316
1936.6494530723 4429.4485364641
1901.9572192972 4309.2927715995
1911.2201441418 4290.0346192447
1929.5059388334 4291.1980152130
1939.0749822963 4273.1308720329
1953.8180232048 4266.6894089092
1966.8935916641 4256.7547017878
1981.5242073753 4250.3319436854
1996.0860122334 4243.8760020516
1952.8113085291 4115.6396451204
2015.7899748195 4211.6185968572
1921.9281880752 3981.0726953589
1967.6694547137 4041.1618053913
1905.3194761276 3880.1136302948
1796.9394006899 3628.8038960525
1924.5540992073 3854.2863493380
1945.7661832372 3864.7211988767
1970.2407146494 3881.4127147198
2057.5040795586 4020.5286416140
2062.4089033707 3997.7680392887
2061.3774942315 3963.9545627262
2063.7700920520 3937.2075744297
2088.2869544237 3952.7571823286
2106.6549653592 3956.5166286800
2123.3181020488 3957.0409836976
2071.7150568962 3831.3096960386
2034.0553025405 3733.0792943637
2089.5026425521 3805.9201339881
2052.3268795013 3710.2253246307
2069.4292068481 3713.3480072021
2048.2893632008 3648.3096984717
2057.0822128883 3637.1480043118
2072.2951613940 3637.4173439466
2080.8083644280 3626.0078778634
2100.7369298201 3634.5118009127
2112.1907509290 3628.3367413741
2120.8719473619 3617.5196721004
