291 2
-1219.5397615433 1932.6560837882
-1249.2856809071 1992.8721189499
-1258.8596343994 2021.4963129589
-1273.6547635152 2115.5851987692
-1305.1977455616 2182.9926520586
-1115.1996403933 1878.2204762101
-1110.9374231762 1884.1811418533
-1125.9993940592 1923.2322514057
-1085.9628184275 1868.0597923019
-1101.2077139957 1907.8723915986
-1126.7952024937 1966.3086682558
-1114.0285264701 1958.1786766648
-1108.9254527381 1963.4988560821
-1113.2117492311 1985.6455255957
-1116.0314157605 2005.4862707853
-1121.3426977396 2030.1353871822
-1190.0371697641 2170.7756596227
-1187.6892889700 2182.9803066869
-1189.2128288746 2202.5423198938
-1191.8011009693 2224.3939638138
-1156.6812963713 2175.6589923586
-1163.6786867933 2206.0010258744
-1179.8832300233 2254.4154248587
-1156.2608745363 2226.8974184990
-1150.9423024125 2234.4724800852
-1146.7212604152 2244.3183461825
-1136.0833644867 2241.6637274954
-1125.8253078712 2239.7210033316
-1118.9280777443 2244.4876054438
-1104.8933118582 2234.8967015743
-1088.7448281050 2220.8322584629
-1082.4914498207 2226.8842367026
-1068.5839814109 2217.1591230341
-1045.5764950933 2188.2205782710
-1042.5661383448 2200.9926873284
-1026.4574353759 2186.0938587704
-1015.5557349324 2182.1182191372
-999.6869936585 2167.3027157784
-979.9426276433 2143.7404469440
-953.4560821273 2104.8633402044
-936.8977904320 2087.3889048894
-920.2797668321 2069.4547040122
-899.6553048491 2042.0893654227
-883.4940002811 2024.4316401020
-870.8130930151 2014.4869812897
-857.5965816324 2003.0989755284
-839.8758658656 1980.8652710032
-826.0285468662 1967.4186285804
-803.1806133010 1932.0531487465
-781.3484488112 1898.4441143094
-761.2731597925 1868.4640307175
-744.1139698029 1845.0991180208
-715.1452340978 1791.6628401330
-721.9655805446 1827.7090635706
-698.9882778614 1788.2849282407
-689.6713414091 1783.3393228815
-680.9824933397 1779.9283139249
-672.5479136122 1777.1145942363
-664.8216930528 1776.1310860515
-656.9112849732 1774.6279562513
-650.5788713694 1777.4019589027
-641.7449885293 1773.3271561171
-633.0543002662 1769.5583070026
-627.4814763490 1774.5185073684
-613.2490817044 1754.8168334696
-611.5644127131 1770.9786176682
-611.5383588990 1792.3940059751
-607.7661597451 1803.2208625660
-616.8656120909 1852.9817576104
-615.4430445204 1871.9912437682
-611.6871009482 1884.2976930294
-604.3832289136 1885.8515620232
-594.8101725984 1880.2729008046
-594.1820339016 1903.1973481178
-592.5078340199 1923.3423963837
-589.8671719763 1940.8563454946
-587.0298571057 1958.1981155607
-577.1364025448 1952.1583059560
-568.1767904240 1949.1504715837
-560.8106610623 1951.6012491064
-553.9383038561 1955.8671053420
-541.5349428852 1940.4407416781
-534.0055671144 1942.2773097424
-529.0725479523 1953.7578349312
-521.8586135418 1957.0411748074
-511.5892477334 1948.7890824676
-506.8814716441 1961.7976229242
-497.5148346275 1956.9049651424
-489.3719376402 1956.7433976113
-481.5773811746 1957.9926729202
-472.9504622519 1955.8425620198
-464.8495715983 1955.8307591905
-457.6205642934 1959.5519913004
-449.4901629204 1959.4780891500
-440.8158976981 1956.9870182808
-432.3755018413 1955.4603323340
-426.3837749654 1965.1610470833
-411.3215451338 1932.6208708238
-406.5246956146 1947.9789733887
-398.6942941944 1949.1284638643
-386.1459841331 1926.7841453354
-392.0691415020 1997.6099910943
-406.0408894609 2113.3801762651
-407.3528763725 2166.9067057168
-406.5526752937 2211.3553954334
-400.2657402307 2227.3207902908
-396.1948170548 2256.6612448011
-386.2149409950 2252.9496848583
-375.8183434242 2246.5633357443
-369.3332605064 2263.8284564018
-355.1421092616 2233.5283809238
-345.3971970340 2230.3186188573
-335.6458590083 2226.8899316373
-325.5275248185 2220.7638025284
-317.0182964076 2225.5780593209
-310.1660960250 2242.6617463430
-295.7550982634 2204.4591267904
-281.2921525659 2163.4239119452
-271.3934838772 2155.9478623526
-261.3100058892 2146.4451972176
-246.9473342101 2099.8858133952
-238.9104987184 2105.6822379430
-228.2612291830 2088.0204439163
-218.8267728378 2080.5181100451
-214.1571905125 2119.5598623969
-206.0163434256 2126.1142275550
-202.1298706532 2179.1192436218
-196.7245423132 2219.9378455127
-195.5633150304 2314.9976940716
-187.5733571017 2334.8542101243
-176.2918876484 2313.6706426740
-169.3537002977 2350.3296655767
-161.3538304673 2375.8259170196
-152.5213740328 2391.5776785682
-143.5897576086 2407.8539284793
-137.9700662459 2486.2403378767
-131.7523079614 2565.6207799911
-117.2386715189 2483.2107797265
-106.7458044205 2478.3066408975
-97.3242206706 2499.8763998350
-84.0426961936 2415.6341723033
-74.5101987961 2430.9467417853
-63.5384404588 2396.7517160234
-53.5278481742 2392.8653285617
-43.5892117343 2391.1608287266
-33.7043960268 2392.2745670591
-23.8489678928 2397.2693738483
-13.9327170782 2398.9133660386
-4.0161698824 2408.5440814495
5.9904974616 2422.3676982679
15.8365053955 2394.5895079020
26.1578853368 2432.4061032888
35.5975255370 2389.9980686806
47.8216938467 2512.3251411650
58.6553277034 2530.9419565731
69.6281500989 2549.0105483267
81.7985197322 2600.3928449419
91.6280057281 2574.0606718593
102.9110706101 2589.7957682610
114.5609052231 2610.9201841884
125.1007606172 2605.2856379085
135.1207010448 2590.5777745777
148.6107191869 2639.6698543004
156.5958327717 2590.9543898371
167.5901723405 2595.0825214386
178.1950940688 2593.0465592278
188.5765136944 2588.1744027138
198.7748249537 2581.4481973648
209.9799286160 2587.8163112534
220.6206127173 2586.9478450881
230.7892416914 2580.8808472421
241.4201448361 2580.2916023466
253.1734837426 2591.2404722638
259.5153249599 2548.1639295011
276.0223911868 2604.3655210071
285.1848445005 2589.6475050184
301.4361977577 2638.0350112915
327.3648610621 2764.7684415181
342.9824746016 2798.7980047862
354.9291924997 2801.6270651962
366.5882150332 2802.0780086517
377.9802313357 2800.5230354540
391.3583439408 2813.3378968094
402.4741441915 2809.6191016111
416.7176336050 2827.3298459895
428.0977785587 2825.1764638083
444.6330436638 2856.2532969884
454.4441344010 2843.6438904868
470.7964758078 2871.5689778328
486.1572078533 2892.2191328473
506.4922819535 2940.7581289609
514.6968825297 2918.2404460329
531.2842831892 2943.1946137372
552.1663120016 2990.2874454856
555.7587795398 2943.7355995178
565.7291950718 2932.2393863432
578.2882948716 2934.3618233999
589.7306740284 2930.8470487595
601.9223173459 2931.1226129532
613.9380792777 2930.5477062861
626.3998925686 2932.0829947790
642.8685903549 2951.9589662552
673.6284677799 3035.4918608299
696.0784119108 3079.2046318883
718.2011296009 3119.9233696379
758.1994348559 3235.4842547713
757.3407497899 3175.7093462451
762.4429355065 3142.5433834394
788.6004489044 3195.8174705505
800.7129451324 3191.3549817842
815.3194230178 3196.8160086665
829.2694728950 3199.5699159030
843.6568996002 3203.8981667880
857.1149254667 3204.6175742971
868.3703685629 3197.2054859688
877.8758192885 3183.6695753295
873.8992889722 3122.3641236623
917.6050280703 3230.7270806411
943.4872619037 3274.1242688278
971.5770462464 3323.8442026336
1020.4013947930 3442.1191726412
1043.6417417867 3472.0220480646
1062.2921671186 3486.0498820032
1078.1011538846 3490.5021190643
1154.0477187545 3686.9647326293
1163.3725578968 3668.2324409485
1177.6264667511 3665.3246021271
1191.7527580261 3662.0986080170
1207.3139572144 3663.3074378967
1218.8158178329 3652.3221588135
1172.5717378514 3470.6843580518
1206.4962431237 3527.8621691245
1188.4606275065 3433.5551672968
1203.2352515629 3435.1485499314
1213.4627167668 3423.8746208804
1226.8493792840 3421.6719993523
1252.3270440953 3452.8563788959
1278.7851435798 3486.0095594610
1299.7015246323 3503.4843342645
1290.6702428029 3440.7373009057
1289.6983702977 3400.6110231082
1325.9757181694 3458.5074761818
1323.1391072273 3414.2369349798
1367.2052847928 3490.6512128896
1452.1376742766 3668.7120978649
1439.7921451816 3599.8655071965
1456.6256574222 3604.6376654080
1444.1895937097 3537.6156691847
1449.4936322344 3514.9585543008
1536.8671417236 3689.7884240517
1584.2556905746 3766.1236286163
1594.6448755264 3753.8723850250
1610.5686712265 3754.7607517242
1618.8499450684 3737.9852104187
1626.7339515686 3720.6187915802
1624.6647214890 3681.0269737244
1645.8805131912 3694.4380378723
1639.4956636429 3646.2185859680
1665.7374095917 3670.7781410217
1681.2273025513 3671.4140129089
1680.5498838425 3637.0491313934
1692.4581480026 3630.2907752991
1700.4824352264 3615.3936195374
1706.7825651169 3597.1227645874
1711.9522953033 3576.8062019348
1719.5022678375 3561.7686748505
1762.4342775345 3619.6537208557
1769.1811275482 3602.8728771210
1751.3054196651 3536.6490345735
1782.0627505963 3568.9203280669
1785.0118279457 3545.4274966167
1807.3763801501 3560.5667737814
1802.3375639549 3521.9127306571
1816.5855361865 3521.2645989198
1829.8322227266 3518.7013237565
1860.8118074912 3550.0089150888
1869.3360686302 3538.3218893638
1875.0386467347 3521.5171850645
1890.4694848590 3523.1014975795
1909.3644481439 3531.0679215651
1916.9714009320 3518.1964944910
1934.1283021150 3522.9139239700
1937.7458051399 3503.0841120967
1970.7405108672 3536.2628056453
1994.3492366717 3552.2342736904
2026.9111853379 3583.8023057351
2005.5370009862 3520.2393623499
2063.3068451515 3595.5098500619
2130.3554058075 3685.7551193237
2138.9015102386 3674.2206287384
2188.3191394806 3732.5627231598
