265 2
-553.1545432787 876.6073461563
-549.5102556925 876.5838363814
-545.7819179883 876.4250628532
-542.4489804677 876.9033409300
-538.4867872511 876.3639889066
-534.8522587428 876.3541995533
-531.0648963565 876.0921500978
-527.4517602391 876.1158736925
-523.4898631535 875.5566269632
-520.0082281279 875.7984325999
-516.5358725048 876.0593580821
-512.9144248508 876.0693423332
-509.1277550137 875.7952565239
-505.5075420274 875.8056267859
-501.6146680665 875.3403340067
-497.9900017617 875.3397039005
-494.5213056746 875.6152457661
-491.3609330616 876.4448052361
-487.6095094378 876.2245972951
-484.0663373470 876.3781322373
-480.1853989798 875.9178490866
-476.5396510798 875.8828460224
-472.8278858321 875.7250290068
-469.2331689691 875.7832466610
-465.7399909837 876.0333468044
-462.0872830588 875.9849601322
-458.4965142939 876.0541516637
-454.8603480770 876.0370167475
-451.0618959154 875.7045382545
-447.2449043440 875.3303771927
-443.7298807833 875.5459407019
-440.1948787863 875.7253090541
-436.5285606611 875.6442476833
-432.8643088303 875.5659952996
-429.3021077201 875.6945994165
-425.6554591277 875.6516698807
-421.9970471329 875.5835890770
-418.3710397236 875.5821481584
-414.7290549581 875.5469511426
-410.9779298306 875.2786942891
-407.5497308421 875.6995428176
-403.8894682650 875.6248241379
-400.0319772296 875.1172924799
-396.4809184037 875.2769695388
-392.8535504947 875.2695785628
-389.2441784579 875.3025210093
-385.4342864619 874.8809193808
-381.8998412480 875.0824918823
-378.3084196704 875.1561092952
-374.6916935557 875.1720407652
-371.0230915319 875.0659350365
-367.2377150210 874.6796089505
-363.5098248247 874.4238671802
-359.9831258494 874.6518152101
-356.2545946666 874.3890240079
-352.6114821434 874.3326540977
-348.9512313926 874.2321587744
-345.3218047581 874.2075827387
-341.5036868481 873.6997530574
-337.8669723632 873.6501345559
-334.0701233773 873.1808652953
-330.4607565441 873.1967239153
-326.6807075531 872.7569523312
-323.1074403203 872.8659436816
-319.4104830424 872.6394848218
-315.7157921602 872.4141045222
-312.0721966501 872.3263504013
-308.4041972955 872.1675021308
-304.7416758916 872.0205804658
-301.2739036764 872.4340815393
-297.5304041590 872.0494792575
-293.9486986115 872.1354651073
-290.3667816094 872.2229533725
-286.8631103682 872.5506455179
-283.7106812568 873.9687081367
-279.3955367709 871.7953808724
-276.5964927181 874.3577703597
-273.7468400645 876.8260185681
-270.1626107806 876.9760869798
-268.0073404123 881.8320092701
-187.1318840791 624.2294150686
-190.1039625444 643.0248182917
-189.2862144917 649.3530197749
-200.3686943698 697.2759649867
-213.7827407273 754.8325033415
-208.8646962056 748.4088833370
-206.7278763131 751.9076305722
-259.4116803200 957.9548343780
-255.9954897752 960.0181115998
-252.0449568355 960.1109869896
-249.1454247917 964.2745682171
-245.8613370619 967.0611724021
-241.9296654444 967.3506816228
-236.8311697528 962.9058894657
-235.7561219306 974.9474686290
-233.0647226837 980.6078880552
-230.4263370378 986.6960247358
-228.3909656699 995.6326796895
-225.5538122522 1001.3383948614
-222.1428877304 1004.6628609536
-218.4713083127 1006.9128624977
-214.6819825210 1008.6971899820
-210.6172066359 1009.2323904946
-207.4935838344 1014.3903531725
-202.8516781709 1012.1855735779
-198.4006596936 1010.8603390436
-194.3543948351 1011.5846509025
-190.1978233031 1011.7541078537
-186.3667151285 1013.7014748558
-181.5153971619 1010.0615121880
-177.2935156311 1009.8350346088
-173.9227811495 1014.5627140999
-184.8730267957 1377.9814317822
-180.8037809704 1390.5657244765
-174.7046560049 1387.8525183314
-169.3754948156 1391.2793564242
-164.1309302300 1395.6668645144
-159.5777571201 1406.4683185683
-298.8340798765 2841.1958217621
-290.3880551457 2874.0331083536
-279.3438527733 2882.8632012010
-278.5909038324 3003.4294036719
-120.7894579404 1778.5430351893
-127.1076988090 1993.0841814388
-106.8395764420 1791.5908349188
-126.1760131456 2273.7098373473
-117.9907032938 2297.6401863676
-108.9782000054 2308.2472309470
-101.7366815959 2362.0102982367
-98.4098867259 2527.7629196644
-91.2426461212 2622.5819045847
-82.8418401735 2702.7722852571
-75.5658533631 2850.4411843088
-66.0187405845 2951.2480020523
-52.6887427217 2890.3311661312
-41.4404464472 2941.3648512628
-29.8163465535 2997.1030255159
-17.2356577481 2967.6085359910
-5.0889214326 3051.8857538700
8.4052143189 3398.8027939430
23.8225522141 3602.1351814270
51.4084372137 4780.4398877280
101.1419487851 6790.6140940530
131.7533380710 6921.6958192679
178.2839844624 7692.8462187449
211.2848622104 7734.9081834157
245.3154437244 7798.6315886180
274.7174066802 7717.5014813741
307.0140952865 7726.1251608531
338.0856812000 7705.2004554055
378.2072988423 7876.3555179943
408.6986157027 7835.7022025368
419.3231960138 7448.1491645177
432.8845097468 7162.2853645912
474.3818480235 7345.6577521104
459.8700936352 6691.9046129499
486.7319230522 6680.2968638284
512.7148543085 6658.5236617497
537.5265053340 6624.5375020163
564.2688146659 6616.4896488190
591.4776410375 6614.4041333880
616.8946921825 6593.3527946472
641.6279503277 6567.0872075217
666.9621297291 6548.8573483058
694.0347594874 6548.4548296247
710.2971831957 6449.9197642008
737.3466610909 6452.9289245605
755.9261560440 6384.1940561930
764.2197310925 6236.1689635686
834.0162336826 6583.2918882370
902.4623311483 6898.1209168067
902.8796213014 6689.5962102073
967.8176258292 6957.3016166687
969.5095845631 6768.0190631322
974.0798686232 6608.8997636523
1007.9880271639 6652.0877906254
1034.7316861153 6646.9549110958
1060.4188953127 6635.4772022792
1091.7248640742 6658.8503292629
1114.4479087421 6630.0108773368
1140.8864600318 6624.1306236812
1167.1929274287 6617.7778244019
1196.5053422110 6628.3684458051
1208.2268595695 6543.2200431824
1243.3999351093 6586.0239778246
1291.2319558007 6692.6035540445
1299.5198624475 6594.0492153168
1213.0446008274 6028.5964693342
1110.9858592351 5410.0598017375
1107.0308163762 5284.2570245266
1101.1860743165 5154.4852852821
1103.3515069220 5066.4294825660
1112.3000780741 5012.2256014082
989.4326586615 4376.9000335173
1039.6579531106 4516.3577415726
1162.1757055584 4959.3828100907
1178.6104754398 4942.1932069879
1192.9407998135 4916.9163703918
1208.6185781579 4897.9485913327
1226.0034899963 4886.4107884859
1235.0161514784 4842.4204274228
1251.5968649011 4829.0355331019
1264.0501677990 4800.3970384598
1290.9701704979 4826.7339229584
1300.6686508656 4788.8609886169
1318.8161134720 4782.7660799026
1332.2140276432 4759.8818063736
1344.2187547684 4732.7595233917
1362.6983284950 4728.8860082626
1379.9704551697 4720.9913730621
1393.9050614834 4702.0587921143
1406.9648623466 4680.7374477386
1417.0943856239 4650.3793954849
1443.9904212952 4675.1193046570
1456.8491220474 4654.3579339981
1479.6278595924 4665.4176950455
1493.4038281441 4648.1714963913
1511.0099494457 4643.1336164474
1549.5773077011 4701.8242835999
1569.3803906441 4702.8292894363
1603.0509173870 4744.8556900024
1641.7531192303 4800.5774974823
1646.3896512985 4756.5477371216
1670.4193592072 4768.9249992371
1697.3945856094 4789.3241405487
1728.4468412399 4820.6228733063
1721.0197150707 4745.1134204865
1776.9082307816 4843.9091682434
1784.0624169299 4809.1308443170
1803.6844670773 4808.3578109741
1816.2862777710 4789.0911340714
1829.5106470585 4771.8643665314
1846.6401934624 4765.0826215744
1871.6142833233 4778.4723520279
1891.0295844078 4777.5381803513
1904.6462178230 4762.1250629425
1918.7834084034 4748.3160495758
1993.1698381901 4882.3706388474
2003.3450782299 4858.0239772797
2039.0018999577 4895.3389883041
2036.6204788810 4841.4939830178
2067.0990228653 4866.0528421402
2098.9830995861 4893.4140205383
2121.6640974346 4899.0019246152
2151.6155192727 4921.1126879642
2179.9896767265 4939.2349343551
2209.1999806856 4958.8972643802
1481.5460758077 3294.9405610561
1558.6767901074 3434.8491285786
1209.0678009120 2640.3261661530
1232.3418945636 2667.0365693434
1132.0205878827 2428.1628074185
1021.9474188865 2172.7611526610
748.8522066010 1578.2404740651
725.1047596099 1514.9716611892
705.3531834057 1461.0651485504
685.1903786735 1407.2308521422
690.1376729920 1405.4402169727
693.6777432760 1400.8377260632
697.8905645628 1397.6588760103
692.0148257225 1374.4942006611
698.4824140867 1376.0240021206
704.2655194959 1376.1915391491
693.5461337368 1344.3679908911
689.9121190820 1326.6761132649
