280 2
-955.9125786132 1514.8749808048
-938.2691773501 1496.7356768521
-883.1799739394 1418.2240901322
-861.6699524995 1392.9443811548
-849.0378448838 1381.7724261368
-831.3769311236 1362.2091904021
-796.7766575646 1314.4340285084
-716.2138646649 1189.6563403068
-694.8790665596 1162.2115488975
-697.8270780473 1175.2811178328
-676.4696298107 1147.3115067328
-781.1036694508 1334.1425840671
-902.7418914166 1552.8854212978
-1046.6816567856 1813.4045600891
-1132.3668559392 1976.0314935730
-1172.9572496631 2061.7603930560
-1135.5429952559 2010.6287261714
-1147.9938206348 2047.6866418665
-1144.1225506539 2055.9654513071
-1114.4418643742 2017.6418292813
-1124.8894551905 2051.9381470797
-1116.2323744401 2051.6420499138
-1074.7587824690 1990.5619004677
-1116.9226928191 2084.6398743716
-1119.0911515339 2104.9537980879
-1084.2449285767 2055.4174401543
-939.1697883606 1794.4816827774
-873.2652179897 1796.4674085379
-871.4949465715 1808.2275344775
-868.2043532530 1817.0096953710
-854.4958724695 1803.9518980419
-844.4074726686 1798.3736439449
-842.9149145430 1811.1659532244
-844.8711167211 1831.6648291505
-844.4679143528 1847.3735104005
-842.0319755872 1858.8818858067
-833.5259772362 1857.0786181917
-837.1665899952 1882.5561404228
-836.7207795382 1899.2369800806
-834.4994644786 1912.1659217879
-832.0268303790 1924.7611685002
-825.1564424971 1927.3281382478
-816.1201140155 1924.8368299526
-807.4554179026 1923.1815260390
-798.4201441640 1920.6018110980
-790.1184468166 1919.7526004003
-780.8421611786 1916.4940622118
-773.4174887339 1917.7599006229
-765.9493657046 1918.9431196035
-757.3652338414 1917.3259025528
-749.2493202047 1916.8722716773
-743.1109096946 1921.5223672913
-733.8125788503 1918.0137846205
-722.4909365177 1909.0821402414
-716.4467126131 1914.0519698461
-705.1292359829 1904.8874311977
-704.6374455094 1925.0916838646
-710.6443414321 1963.7159842711
-678.4640976361 1896.4909740857
-647.7707539286 1831.8965945925
-621.3872652305 1778.1043303640
-611.3536036932 1770.3681450624
-611.6428114474 1792.7001491189
-571.1886286736 1694.6966201067
-550.8186982738 1654.5856561926
-544.9711138552 1657.6369865374
-540.4812005850 1664.9484359301
-532.6611852204 1662.0579163233
-525.6866706269 1661.7644535644
-518.5661103044 1660.9954365662
-511.7307965245 1661.1316970416
-504.8995018005 1661.2848831075
-497.2950886596 1658.8633233851
-493.0370532804 1667.6930520270
-485.2133386809 1664.5414492358
-479.9430992292 1670.1850165492
-472.3604473803 1667.8288088904
-462.8683017059 1658.5605496710
-458.4118469459 1667.3289217600
-455.8200784798 1683.2512987071
-474.4680635631 1779.3201170862
-467.2374725342 1779.8405235464
-651.2864977121 2740.2545809746
-663.5925571124 2841.5333827337
-753.4345252947 3344.8466496034
-823.4812276704 3724.2741073881
-736.4870458841 3394.3966201374
-723.3623734542 3398.7649083138
-737.5566804851 3534.2131102527
-693.7680734055 3391.6790911130
-673.9961642485 3363.0936695979
-660.5085929235 3365.3211681931
-646.7125947986 3366.0393186978
-632.2339964764 3363.1580386843
-618.2593213660 3362.8879359790
-603.8573213986 3360.2275507791
-588.5851745095 3352.4854779243
-574.8204418591 3353.1627144132
-557.3124630111 3331.4971923828
-525.1869292095 3219.1335661658
-510.0314673923 3207.6448372432
-515.9822320938 3331.8300914764
-499.8324257987 3316.2089245660
-485.6658212163 3313.2346326655
-481.4754387607 3380.1240817360
-468.2911994557 3385.9882553418
-454.0330624580 3384.2099094391
-440.7436606976 3389.7688755622
-425.6973505020 3381.7366218567
-406.3575519965 3337.8906433399
-393.4100104703 3345.3129309195
-378.1451135874 3332.8524552859
-361.9953614214 3311.3538804262
-348.7163678958 3315.4567846885
-334.0107362185 3305.7762128966
-321.8200548931 3321.2229587414
-304.4142286692 3281.8252103669
-290.9709470613 3283.4613238062
-275.4047864250 3260.1279871804
-259.6822201178 3232.4426667444
-253.3533615725 3325.0323874610
-236.1224825893 3276.9622121538
-222.7101716502 3279.2565575961
-209.0681996839 3278.2477099320
-195.2215952092 3273.6672368543
-182.4940145016 3288.5682993922
-170.0795297993 3311.9690829310
-159.1181041939 3370.2513149806
-145.7678622433 3384.2778801918
-134.4959017422 3454.6707017081
-124.4720339223 3577.6922437880
-108.6770668626 3545.6644252495
-95.5875171004 3605.6840331466
-81.9754869892 3664.5654256527
-65.3707151198 3586.0224564870
-49.6234126788 3522.1763551235
-34.3743399052 3455.2670206342
-20.0531186669 3452.7145240988
-5.9874304839 3590.7321159656
8.5334604975 3450.6614660395
23.2265370174 3512.0135236669
36.2172262936 3367.8182281297
54.0505386889 3628.9231226994
66.9069969310 3514.9765381446
95.9500726312 3512.6273632050
109.0691177284 3467.3311149373
130.7770039724 3673.8542784815
147.5601643324 3713.4070682526
157.9190504092 3599.0814887560
179.6081906557 3740.4300785065
188.3975748832 3612.0193004608
205.7119991917 3653.9205862926
217.9417942579 3605.9532440626
233.9733712948 3623.0060687432
251.3471990824 3657.5361123452
270.5622338332 3713.4118171839
292.1129671427 3793.6117832477
306.9157715027 3782.4646784709
327.0164223818 3834.5212936401
346.0630350388 3869.9701290864
358.2201037142 3828.6462183352
379.3432437457 3882.5928981488
394.2284617159 3870.9033948404
417.0258305967 3934.7810943921
432.6550921668 3928.7647475367
445.6383028756 3900.0275031380
460.9224316867 3892.7323196245
472.0041168773 3851.6375292902
481.2168454130 3798.4763582548
464.9675839714 3554.0570446423
474.2012856335 3513.4419490551
484.7399741411 3484.6256971359
496.7093418042 3467.4626827240
511.4372114340 3469.9796438217
517.5058034159 3415.2132695721
530.9600224418 3410.8043947527
550.6898701191 3445.8930969238
514.5506926121 3138.4428085819
502.6909285976 2990.5806049224
507.3289146026 2945.6157207489
508.7654250009 2884.6101420266
522.7624575297 2895.9856121628
533.1730842590 2887.4285397706
539.6645940267 2858.4881012256
557.4119424820 2889.1301345825
571.1814325589 2898.3000333493
578.1910705566 2873.4974670410
594.3982005119 2894.4831291835
558.3591898903 2665.2496382594
539.0611690910 2523.2636677591
493.7728536435 2267.3330368140
481.1171866380 2168.0011627002
488.1052756032 2159.2050707617
496.2601550790 2155.7939939721
504.4529770696 2152.6653323063
513.1719486658 2151.8516485081
521.2446423464 2148.4019534532
530.2780478500 2148.9613111629
539.2823912377 2149.3864281233
547.0016030378 2144.7587844937
554.0239935698 2137.5904415929
551.0932965712 2092.8493575616
568.4251369432 2125.2519807150
575.4755450921 2118.8120083375
583.3070846491 2115.3982517331
595.0818061829 2126.1741726897
603.5169959068 2124.8779751006
615.4163208875 2135.6403719295
623.8173260245 2134.1298790865
632.5797235424 2133.8806206530
640.9751542590 2132.4174620888
650.0002294779 2133.0602385781
657.5237431309 2128.8243477995
665.1199324564 2124.9326684258
671.8761677092 2118.4941530228
680.8721247044 2119.1926273433
687.7318349752 2113.3089228110
695.1065496965 2109.1357469559
700.0327882442 2097.7289893410
707.8118148175 2095.0457074425
715.2825824239 2091.5260585872
724.8481837186 2094.1427783533
732.3603616519 2090.8352732658
741.6898852045 2092.7327546206
748.1660707430 2086.6285020655
756.1666531996 2084.8666050217
759.0692734176 2069.2473053932
769.2644158999 2073.6344125536
777.1677943793 2071.8151872808
788.9931387371 2080.3768740760
797.5195009600 2080.1490436901
805.1651702987 2077.6535246107
810.3285987269 2068.8732916659
819.1469094970 2069.5105303418
826.0877198643 2065.4402732849
836.5295423402 2070.1172404819
846.1422019535 2072.6682557000
852.6074290276 2067.5356600020
861.4381604724 2068.1843280792
869.0045727624 2065.8146805233
876.9874254862 2064.4715044234
885.5117585924 2064.4166575538
893.0527806282 2062.0923572116
901.5434463819 2061.9840515984
908.1460422940 2057.5999842750
915.3267237875 2054.5949618022
919.8052753573 2045.6358038861
926.9956880146 2042.8162892660
934.0349846416 2039.7177166409
939.1622742017 2032.5367291768
942.8921196196 2022.4857754178
951.5585083029 2023.1074017027
975.1708838675 2055.2174939050
969.2782370940 2025.1267733781
977.7335654134 2025.2725352412
985.0946081721 2023.1683979864
992.6290123359 2021.4528052703
1000.9110569954 2021.2757017301
1008.4101272666 2019.5334683294
1015.7507036043 2017.5050963526
1024.1030299145 2017.5029661344
1035.0838381311 2022.6371806601
1041.5095168611 2018.8592827838
1028.1081070071 1977.0148085511
1042.2068056853 1988.2953529773
1013.2461294532 1917.8953707218
969.9290511085 1821.6274104467
994.0287455132 1852.4838340910
1031.2117193684 1907.0631879749
1048.6569944769 1924.5886243880
1067.7156928513 1944.7885023223
1659.1526206051 2999.4393757411
1961.3622197738 3519.4345345864
2023.8648744730 3604.8060838993
2044.5819695791 3615.0461605617
2042.9673478717 3585.9393732888
2073.6243384225 3613.4890828814
2061.7394220261 3567.0417036329
2086.6740431104 3584.5039004371
2099.6231578645 3581.2761215937
