259 2
-2272.1530079842 3624.5594739914
-2252.2980433244 3616.7750725379
-2227.0822091536 3600.2203876322
-2244.4325387478 3652.7170340220
-2276.4536142349 3729.9640178680
-1032.1000615756 1788.1415287654
-1012.4054878950 1766.6934430599
-1000.5791938823 1758.7636242742
-977.2813178244 1730.4055690765
-935.6854138551 1668.9902588173
-954.3049401707 1714.8670311327
-955.7504587703 1730.3388560260
-985.9861548130 1798.5612979302
-1009.4044336251 1855.2916646004
-1050.8453249931 1946.2717430932
-1403.0758450108 2680.8718942827
-1513.7276772795 2915.3595710623
-1645.5084659435 3194.6374663600
-1960.1265283731 3836.2836654370
-2139.9343127296 4222.4129154569
-2302.1171971371 4579.8404091283
-2629.8162142436 5275.2181953854
-3391.8075220925 6860.6980868748
-4086.0217213631 8334.7067038218
-3757.1765276102 7729.2040678171
-3431.3789881193 7119.6213502150
-3726.6350785891 7799.2376486460
-3303.9637463433 6975.0970431737
-3293.4870903309 7014.2917633057
-3209.1560534069 6895.4933711461
-3162.8857680729 6857.0772920336
-3144.9992997306 6880.0582885742
-3143.6491012573 6939.9649415697
-3225.9344137632 7187.3150238624
-3382.3871612549 7606.0532463921
-4092.3587679863 11308.3715438843
-3988.9384375678 11150.1639684041
-3943.1442618370 11151.2174606323
-3141.0112706098 8988.0271824923
-2149.2927339342 6223.9583333333
-2063.2956624031 6047.4354267120
-1621.6974428722 4811.5194184440
-1614.6619257174 4850.2283849214
-1606.0094654560 4884.9941492081
-1571.2269723415 4840.1533365250
-1530.0115644932 4774.0813255310
-1497.3525524139 4733.3276510239
-1453.6246001720 4656.0387134552
-1401.6562302907 4549.9226025173
-1377.0718038082 4531.0175895691
-1292.9143167677 4312.8681182861
-1216.2713175235 4114.0259867129
-1164.0593539114 3993.3465667393
-1095.0079709291 3810.5889856815
-1069.6265002092 3776.6791880131
-1044.8744630814 3744.0187168121
-1020.9211921692 3713.2797813416
-998.0886983871 3685.7395648956
-980.1588677443 3675.7298524563
-958.7225340880 3652.0470472483
-935.9887769589 3622.5838019298
-912.1828145451 3587.9434567911
-885.2680987782 3539.7259217721
-849.0868873066 3452.2093048802
-843.0418305927 3486.3209282910
-804.5631132343 3385.1581161672
-772.4979856740 3307.8714349995
-733.7278879207 3198.5655349234
-706.0169875622 3134.3381588276
-684.8492725142 3097.2975698011
-664.2044860384 3061.2534025441
-649.7943287804 3053.1006313506
-623.3511074730 2986.9645782139
-616.5690775271 3014.2702173304
-590.9872805631 2948.8974500585
-567.4133454600 2890.9966484193
-541.5017902851 2818.4333054916
-535.3085075816 2847.5645482540
-534.6707131552 2908.2257851310
-501.9868409634 2793.3585453033
-510.6171724888 2908.3924018420
-495.0491845608 2887.8243207932
-297.3817648257 1777.6858981918
-275.0986422811 1686.2172773906
-270.5766754715 1701.6869218726
-262.0041593909 1691.8283369806
-252.9054343700 1677.9368638992
-246.0278917191 1678.4136544826
-238.7996918776 1676.4564270323
-231.2698706667 1672.2011185707
-224.1224500537 1670.5334496498
-216.9112534477 1668.2690657102
-209.8241310637 1666.8413562595
-202.6443305824 1664.5552856582
-195.1918077788 1659.7891662802
-187.6820033150 1654.1703322104
-179.6811050070 1643.6335806336
-172.3870070357 1638.9872295815
-165.1883120077 1634.9042946832
-158.1332824732 1631.9551007789
-151.3576214774 1631.7544318082
-144.5673651863 1631.3702662786
-137.8785627976 1632.1494370176
-131.0326240042 1631.0529499723
-124.0465234508 1627.9977580957
-117.4253410937 1629.6559258511
-108.8931963109 1603.3786096071
-103.4256670752 1621.7432967548
-96.5279517205 1618.6753846051
-88.9872202819 1603.5624634136
-84.6838463555 1649.0537241886
-79.0378591209 1674.0863783318
-72.3106748702 1678.8296804093
-65.5024154112 1682.4994172369
-58.6993643083 1687.1923080512
-51.7423796867 1688.1309002638
-44.7937966590 1689.6796013628
-37.8373992363 1691.4522669145
-30.8433162115 1691.9628999063
-23.8758728374 1694.6644889457
-16.8826633266 1697.0248648099
-9.8867721348 1702.2889180617
-2.8429650829 1704.9594358964
4.2215031318 1707.0423147895
11.3246434034 1712.3646488730
18.4163848676 1712.5286088800
25.6375922769 1721.2936743250
32.8373705863 1725.1198179317
40.0981079549 1730.2091679675
47.5721950332 1741.5661229028
55.2854338804 1757.5360628275
62.8949968882 1766.8783259842
70.0584166455 1763.0463793593
79.0045555189 1800.5670129128
85.8448506245 1787.7617939463
93.0688178764 1784.3454761325
100.5337196760 1785.7112242625
107.7622850067 1782.9795411000
114.7811897099 1777.3515994732
121.3801300751 1766.2906511775
128.3268804820 1761.2604015278
135.1664032576 1755.3786151814
141.2524409452 1740.8110645582
148.2046395540 1737.8143904344
153.7500951025 1719.3638660290
160.3798984929 1714.1357616142
166.9875703476 1709.1242891771
174.1614250673 1710.0796037250
181.5328476606 1712.8244042397
188.2994616473 1709.8707843710
195.6240391290 1712.0142380397
202.8500007571 1713.1749549002
205.0164328681 1672.9705545637
221.0797041046 1745.0885918676
231.0781627893 1766.2843952374
240.7219283856 1783.5517411049
250.6271110704 1801.6704229208
258.2454019785 1802.7772283554
263.3568060398 1786.8131875992
266.8542057897 1761.0701546073
270.1346222744 1735.3026672851
275.7340314540 1725.3812805135
279.9164779643 1707.3183947421
287.1459002296 1708.2722708583
298.6551879668 1734.0297161364
307.1832488168 1741.6747853441
316.6857968677 1754.3675791134
325.6892317108 1763.7881955930
330.7093772021 1751.6969464042
338.4936216630 1754.4513271566
342.9501791086 1740.2045450040
349.2603155605 1735.7560061572
354.5393610702 1726.4658703524
358.5301488638 1711.3936268366
368.0024354586 1722.5636499269
374.0370728202 1717.5237566738
381.6523278753 1719.7945117950
387.8886516680 1715.8821653901
391.8695850619 1702.3129524856
399.5804206051 1705.1399596806
405.0891086703 1698.6346655205
412.1998695076 1698.9546330249
417.0069244870 1689.9280506268
421.2682396173 1679.0242791176
422.7512650765 1657.5810313225
403.4919852302 1556.7928836459
411.9904761513 1564.5881162749
409.2396650996 1530.0826106753
399.2694488594 1470.0484071459
386.7711275816 1402.6487867037
387.3628072795 1384.0127246720
375.2733000687 1321.2717714764
374.1582199088 1298.4176356837
379.9461021143 1299.8265565610
385.6060459064 1300.7645606995
391.3116113706 1301.8284559250
398.3677446842 1307.2955417633
403.1638088434 1305.2987637727
409.9353454683 1309.6660712491
422.6976121372 1332.8087127434
426.9990732030 1329.0209130543
425.8213080466 1308.4925487638
444.6735150284 1349.2561817169
457.1819752455 1369.9985111461
491.4517137739 1454.6434548166
501.5158500220 1466.4602505194
516.8889962137 1493.3325171471
539.3042134684 1539.6740602892
568.7554796537 1604.7855642107
586.7039622093 1636.3121271133
606.9393337898 1673.4241831977
620.6853326998 1692.0082318155
644.2345448079 1736.6030466172
656.9842374514 1751.4234686655
670.1017135666 1766.8900641184
680.4568587788 1774.8176635258
690.7741313889 1782.4781432984
693.0617044369 1769.4758097331
703.9880692959 1778.5707275073
716.1114333106 1790.4701389250
730.2906715264 1807.2132882425
741.7833380780 1817.0359195289
754.1551656193 1828.7932437564
774.8665098221 1860.3387109695
780.3265606203 1855.0075388724
795.9514776866 1873.7089057763
808.3093126615 1884.4325602055
817.8307353440 1888.4018174673
845.2240352361 1933.1719088105
867.5711798668 1965.6688857079
881.3370454068 1978.2997759021
911.0515078773 2026.1675456296
924.7477915552 2037.8626055188
944.7349698045 2063.0840257157
967.2673249787 2093.3617136695
978.6344488462 2099.1523954603
988.0426864998 2100.6763706020
993.9994168282 2094.8994922638
1008.2888948917 2106.6323399544
1020.3988325596 2113.6491847038
1026.4881432056 2108.1816744804
1004.7623617308 2046.1619581495
1014.2400899241 2048.1928625414
889.6313011646 1781.6562093794
804.7089970337 1598.3296812705
796.0014988979 1568.1385119756
783.3974156223 1530.8216419376
791.2712458704 1533.7981044269
797.6960246680 1533.9406709202
804.6944454068 1535.1753782053
811.4294151465 1535.8920713266
820.3542164115 1540.7103397807
827.8582564422 1542.8065317018
834.9256951894 1544.0631764276
843.2905813058 1547.6819078128
849.8238130258 1547.9097847755
856.4653396606 1548.3300522262
1538.8913371346 2761.3599950617
1525.2514547772 2716.7009777493
