96 2
-2376.9928583732 3766.9208416572
-2370.1505110814 3780.8859898494
-3086.7880582809 4956.8120883061
-2988.4995392391 4831.1000040599
-3610.9218086515 5876.6193389893
-3696.8890343394 6057.3442152568
-3941.4450781686 6502.1603448050
-3896.1831501552 6471.6969217573
-3898.6595698765 6520.6558023180
-3843.3468171528 6472.9689529964
-3804.6118191310 6452.7286802019
-3702.3575623830 6323.7097422282
-3660.1067701976 6296.0703214010
-3526.7142136892 6110.1286252340
-3395.5518156290 5925.3917038441
-3239.2821758986 5693.8337981701
-3295.6931143999 5835.4596495628
-3143.4643268585 5607.0248379427
-3185.2606683969 5723.8501906395
-3116.8005317450 5642.8129374981
-3126.9343495369 5703.9168775082
-3078.9471268654 5659.1239571571
-3052.7061734881 5653.9203780038
-3032.4591568538 5659.8234517234
-2931.9164936359 5514.7865368770
-3009.4325542450 5705.0209999084
-2967.7417476972 5670.4956690470
-2688.5631765638 5178.0306952340
-3051.2113020970 5923.7095025870
-3010.3862652412 5891.8112608103
-3035.7792377472 5990.0500433786
-3222.8485070742 6411.5467805129
-3270.8952793708 6561.1758232117
-3392.8508391747 6862.8083742582
-3447.5143322578 7032.2732558617
-3354.2543138777 6900.3189631871
-3345.3656945910 6941.1559445517
-2893.5001231730 6055.6224808097
-2846.1677361937 6008.6301705417
-1682.0958997752 3582.4374057151
-1592.7342087030 3422.2980111837
-1637.5261494092 3550.1260927745
-1489.8263320327 3259.1713964939
-1477.2345677018 3261.1642479897
-1492.7934348583 3325.9128034115
-1360.2510258555 3058.8283747435
-1090.6882009855 2475.7068099045
-1017.1926064151 2330.7876416615
-991.6945440429 2294.1269164994
-785.9068004096 1835.6522641531
-623.3007989678 1470.0683121588
-618.0531584791 1472.0669282334
-610.2460376800 1467.9484991800
-603.9715683649 1467.4710867897
-597.1020384440 1465.5234794768
-593.1457612250 1470.7595507304
-586.2492758130 1468.7380923165
-580.0845310802 1468.5267418150
-574.7549420311 1470.4475270377
-566.8872528606 1465.8464931306
-560.6709737626 1465.4622834826
-554.6750218149 1465.6518130075
-548.2282051964 1464.6410487947
-540.2072441010 1459.3551480581
-536.8222509112 1466.6152851922
-530.5002852092 1465.9258411044
-520.7090330502 1455.5228324164
-515.7774421904 1458.6193391255
-508.9034457055 1456.2310188536
-490.5413185793 1420.5178798191
-499.5671373606 1464.2109107971
-498.4037223316 1478.7463460650
-488.4818345308 1467.3340469599
-478.8038879633 1474.9519109726
232.6383491357 2727.8651793798
242.5498196057 2712.3976434980
259.5350295305 2773.9029328028
311.0340152468 2824.3732452393
178.0414389712 609.0942536082
181.1096933153 610.9371781349
183.8208453523 611.5413175689
186.4865083586 611.9797229767
190.1762584845 615.7220363617
192.5274444123 615.0888552268
194.7681869452 614.1239817326
196.6991052032 612.2196515401
199.4560888180 612.9021782141
202.3294323257 613.9206077371
205.4217040539 615.5698180199
209.0952210128 618.8990399241
3154.2347371578 5618.1639432907
3672.8630542755 6494.0264701843
3758.8233232498 6597.7131843567
3651.1382857958 6362.4581893285
3640.0475068526 6297.6927323775
3450.8872032166 5927.9592831930
